1 0.0
2 0.0032119914346895075
3 0.0
4 0.0
5 0.0
6 0.0
7 0.0
8 0.0
9 0.002081165452653486
10 0.0
11 0.0
12 0.0
13 0.03508771929824561
14 0.0
15 0.0
16 0.0
17 9.514747859181732E-4
18 0.0
19 0.0
20 0.0
21 0.0
22 0.0
23 0.016080402010050253
24 0.012702078521939953
25 0.0
26 0.010810810810810811
27 0.0
28 0.0
29 0.0
30 0.0
31 0.001182033096926714
32 0.0
33 0.0
34 0.0
35 0.0
36 0.025078369905956112
37 0.0
38 0.032520325203252036
39 0.002742230347349177
40 0.0
41 0.014344262295081968
42 0.0
43 0.0011025358324145535
44 0.047619047619047616
45 0.0
46 0.0
47 0.0
48 0.0
49 0.0
50 0.0
51 0.0273972602739726
52 0.0
53 0.004975124378109453
54 0.0
55 0.0
56 0.0
57 0.0
58 0.049429657794676805
59 0.0
60 0.0
61 0.0
62 0.0
63 0.009424083769633508
64 0.0
65 0.030418250950570342
66 0.0
67 0.0
68 0.0
69 0.0
70 0.0028653295128939827
71 0.0
72 0.003896103896103896
73 0.0
74 0.015873015873015872
75 0.0
76 0.0
77 0.002631578947368421
78 0.0
79 0.016456921587608905
80 0.0
81 0.0
82 0.0
83 0.0
84 0.0
85 0.0
86 0.0
87 0.0
88 0.004048582995951417
89 0.0
90 0.0
91 0.011270491803278689
92 0.0163265306122449
93 0.0
94 0.0
95 0.0078125
96 0.0
97 0.0
98 0.0
99 0.0
100 0.0
101 0.0
102 0.0
103 0.00935672514619883
104 0.0
105 0.0
106 0.001152073732718894
107 0.0
108 0.0
109 0.005263157894736842
110 0.020537124802527645
111 0.0
112 0.0
113 0.0
114 0.0
115 0.003940886699507389
116 0.0
117 0.0
118 0.0
119 0.0
120 0.0
121 0.0
122 0.0
123 0.0
124 0.0
125 0.0
126 0.04092071611253197
127 0.0
128 0.0
129 0.0
130 0.0
131 0.0
132 0.0
133 0.0
134 0.0
135 0.00545950864422202
136 0.0
137 0.02535211267605634
138 0.01937984496124031
139 0.011577424023154847
140 0.0
141 0.0
142 0.0
143 0.00291970802919708
144 0.0
145 0.0
146 0.01678445229681979
147 0.005076142131979695
148 0.008718395815170008
149 0.0
150 0.0
151 0.0
152 0.0
153 0.0
154 0.0
155 0.0
156 0.0
157 0.0
158 0.0
159 0.005361930294906166
160 0.0
161 0.0
162 0.0
163 0.0
164 0.0
165 0.0
166 0.0
167 0.0
168 0.0
169 0.0
170 0.0
171 0.0
172 0.0018214936247723133
173 0.0011494252873563218
174 0.0
175 0.0
176 0.0
177 0.0
178 0.0
179 0.0
180 0.0
181 0.0
182 0.0
183 0.002540220152413209
184 0.0
185 0.0
186 0.0
187 0.0
188 0.0
189 0.0
190 0.0
191 0.0
192 0.0
193 0.0
194 0.0
195 0.0
196 0.0
197 0.0
198 0.013029315960912053
199 0.0
200 0.0
201 0.003121748178980229
202 0.0
203 0.05227655986509275
204 0.0
205 0.0
206 0.0
207 0.0
208 0.0
209 0.0024390243902439024
210 0.0
211 0.0
212 0.0
213 0.0
214 0.0
215 0.0
216 0.0
217 9.267840593141798E-4
218 9.578544061302681E-4
219 0.004739336492890996
220 0.0
221 0.0
222 0.0
223 0.051209103840682786
224 0.0
225 0.0
226 0.0013605442176870747
227 0.0
228 0.0
229 0.005154639175257732
230 0.005714285714285714
231 0.0
232 0.0
233 0.0
234 0.0
235 0.021912350597609563
236 0.0
237 0.003218884120171674
238 0.0
239 0.0
240 0.013816925734024179
241 0.013186813186813187
242 0.0
243 0.0
244 0.00211864406779661
245 0.0
246 0.012195121951219513
247 0.0
248 0.0
249 0.0
250 0.006756756756756757
251 0.06954436450839328
252 0.04573547589616811
253 0.0018231540565177757
254 0.0
255 0.011753183153770812
256 0.0
257 0.0
258 0.0
259 0.0
260 0.0023923444976076554
261 0.0
262 0.0
263 0.0
264 0.0
265 0.0
266 0.0010834236186348862
267 0.0
268 0.0
269 0.0
270 0.0050335570469798654
271 0.0
272 0.01733102253032929
273 0.05162523900573614
274 0.07006369426751592
275 0.0
276 0.016216216216216217
277 0.0
278 0.0
279 0.0
280 0.0
281 0.002036659877800407
282 0.0
283 0.0
284 0.012131715771230503
285 0.0
286 0.0
287 0.0
288 0.0
289 0.037943696450428395
290 0.0
291 0.0
292 0.0
293 0.0
294 0.0
295 0.0
296 0.04521963824289406
297 0.0
298 0.0
299 0.0
300 0.0028011204481792717
301 0.0
302 0.0
303 0.0
304 0.0
305 0.0
306 0.0
307 0.0
308 0.0
309 0.0
310 0.0
311 0.0041946308724832215
312 0.0
313 0.0
314 0.0028129395218002813
315 0.0
316 0.0
317 0.0
318 0.0
319 0.005698005698005698
320 0.0
321 0.0
322 0.0
323 0.0
324 0.0
325 0.0
326 0.0
327 0.002437043054427295
328 0.0
329 0.0
330 0.015714285714285715
331 0.014084507042253521
332 0.0
333 0.0
334 0.0
335 0.0
336 0.0
337 0.0
338 0.0016556291390728477
339 0.0031545741324921135
340 0.0
341 0.02735229759299781
342 0.0
343 0.0
344 0.0
345 0.018518518518518517
346 0.001594896331738437
347 0.0
348 0.0
349 0.0
350 0.0
351 0.0
352 0.0
353 0.0
354 0.0
355 0.0
356 0.0
357 0.0
358 0.0055762081784386614
359 0.0
360 0.0
361 0.0
362 0.0
363 0.0
364 0.006764374295377677
365 0.010817307692307692
366 0.02472952086553323
367 0.0
368 0.007334963325183374
369 9.319664492078285E-4
370 0.03556187766714083
371 0.0
372 0.022144522144522144
373 0.0
374 0.0056433408577878106
375 0.0
376 0.018115942028985508
377 0.003289473684210526
378 0.0062827225130890054
379 0.007620660457239628
380 0.0
381 0.0
382 0.0
383 0.0
384 0.0
385 0.0
386 0.0
387 0.013930348258706468
388 0.0
389 0.0
390 0.0
391 0.0019120458891013384
392 0.021645021645021644
393 0.0031746031746031746
394 0.0024125452352231603
395 0.0
396 0.005714285714285714
397 0.0
398 0.001483679525222552
399 0.006791171477079796
400 0.0026246719160104987
401 0.0
402 0.0
403 0.0
404 0.0
405 0.0
406 0.0
407 0.0
408 0.0
409 0.0
410 0.0
411 0.0
412 0.002398081534772182
413 0.0
414 0.0
415 0.0
416 0.0
417 0.011464968152866241
418 0.0
419 0.0
420 0.0
421 0.0
422 0.0
423 0.025362318840579712
424 0.0
425 0.001869158878504673
426 0.0017152658662092624
427 0.0
428 0.023084994753410283
429 0.0
430 0.034383954154727794
431 0.0
432 0.0
433 0.0
434 0.0
435 0.004032258064516129
436 0.0
437 0.0
438 0.0
439 0.0
440 0.08743169398907104
441 0.0
442 0.0
443 0.0
444 0.0
445 0.0
446 0.0
447 0.0
448 0.0
449 0.0
450 0.0
451 0.0
452 0.0
453 0.006299212598425197
454 0.0
455 0.0035419126328217238
456 0.0
457 0.0
458 0.00749063670411985
459 0.0
460 0.0018796992481203006
461 0.0013850415512465374
462 0.0
463 0.011661807580174927
464 0.0
465 0.0
466 0.0
467 0.0
468 0.0
469 0.0
470 0.0
471 0.0
472 0.003395585738539898
473 0.0
474 0.0
475 0.0
476 0.0
477 0.05394190871369295
478 0.0
479 0.036076662908680945
480 0.014970059880239521
481 0.017711171662125342
482 0.0
483 0.0
484 0.0
485 0.0
486 0.0
487 0.0
488 0.0223463687150838
489 0.0
490 0.0
491 0.0
492 0.0
493 0.0
494 0.0
495 0.0
496 0.0
497 0.023255813953488372
498 0.003976143141153081
499 0.0
500 0.00351288056206089
501 0.0
502 0.0
503 0.0
504 0.0
505 0.0
506 0.0
507 0.0
508 0.0
509 0.0016051364365971107
510 0.0
511 0.0
512 0.0
513 0.0
514 0.0
515 0.002840909090909091
516 0.0
517 0.017543859649122806
518 0.0
519 0.012259194395796848
520 0.0
521 0.0
522 0.0
523 0.011594202898550725
524 0.0
525 0.0
526 0.0
527 0.0
528 0.0
529 0.0
530 0.0
531 0.004310344827586207
532 0.0
533 0.0
534 0.0034129692832764505
535 0.0
536 0.0025884383088869713
537 0.0
538 0.0
539 0.027892561983471075
540 0.0
541 0.0
542 0.0
543 0.0
544 0.0
545 0.0
546 0.0
547 0.0
548 0.0
549 0.01195219123505976
550 0.0
551 0.0
552 0.0
553 0.0
554 0.0
555 0.0059031877213695395
556 0.0
557 0.003293084522502744
558 0.008988764044943821
559 0.0
560 0.0
561 0.0
562 0.008045977011494253
563 0.008620689655172414
564 0.023957409050576754
565 0.0
566 0.0
567 0.0
568 0.0
569 0.0
570 0.0025348542458808617
571 0.0
572 0.038461538461538464
573 0.0
574 0.0
575 0.0
576 0.0
577 0.0
578 0.0
579 0.00291970802919708
580 0.0
581 0.015300546448087432
582 0.016129032258064516
583 0.010299625468164793
584 0.0
585 0.0
586 0.00390625
587 0.003436426116838488
588 0.027972027972027972
589 0.0
590 0.0
591 0.0
592 0.0
593 0.004862236628849271
594 0.005194805194805195
595 0.006802721088435374
596 0.0
597 0.0
598 0.0050933786078098476
599 8.857395925597874E-4
600 0.0
601 0.015915119363395226
602 0.0315955766192733
603 0.0
604 0.0
605 0.0
606 0.0
607 0.0
608 0.0
609 0.0030211480362537764
610 0.0
611 0.0
612 0.0
613 0.0
614 0.0028462998102466793
615 0.0
616 0.0
617 0.0
618 0.0
619 0.0
620 0.0
621 0.0
622 0.0
623 9.68054211035818E-4
624 0.0
625 0.0
626 0.02956989247311828
627 0.001176470588235294
628 0.006944444444444444
629 0.0
630 0.0
631 0.002793296089385475
632 0.0
633 0.0
634 0.0
635 0.009560229445506692
636 0.004887585532746823
637 0.0
638 0.007722007722007722
639 0.0
640 0.0
641 0.0
642 0.0
643 0.0
644 0.0
645 0.0
646 0.0
647 0.055456171735241505
648 0.0
649 0.0
650 0.0
651 0.005185825410544511
652 0.0
653 0.0
654 0.0
655 0.0
656 0.0
657 0.0033333333333333335
658 0.03130148270181219
659 0.0
660 0.0
661 0.008
662 0.01609657947686117
663 0.0
664 0.0
665 0.0
666 0.0
667 0.0
668 0.0
669 0.0
670 0.0
671 0.010554089709762533
672 0.011947431302270013
673 0.006369426751592357
674 0.0
675 0.007142857142857143
676 0.0
677 0.0
678 0.0
679 0.0
680 0.0
681 0.0
682 0.02297794117647059
683 0.0
684 0.0
685 0.006756756756756757
686 0.0
687 0.011157601115760111
688 0.0
689 0.07835820895522388
690 0.0
691 0.0
692 0.012895662368112544
693 0.004914004914004914
694 0.0019193857965451055
695 0.00993676603432701
696 0.015151515151515152
697 0.02631578947368421
698 0.0
699 0.0
700 0.0019230769230769232
701 0.0
702 0.0
703 0.0
704 0.002717391304347826
705 0.0
706 0.003125
707 0.06428571428571428
708 0.0024125452352231603
709 0.0
710 0.0
711 0.0
712 0.0
713 0.0
714 0.0
715 0.0
716 0.0020387359836901123
717 0.00847457627118644
718 0.0
719 0.0
720 0.0
721 0.0
722 0.0
723 0.0
724 0.0
725 0.00847457627118644
726 0.0
727 0.0
728 0.0
729 0.007177033492822967
730 0.0
731 0.0
732 0.023255813953488372
733 0.0
734 0.0027272727272727275
735 0.0
736 0.0
737 0.0
738 0.0
739 0.003861003861003861
740 0.0
741 0.0
742 0.01160541586073501
743 0.0
744 0.0
745 0.0
746 0.0
747 0.0
748 0.001564945226917058
749 0.01456953642384106
750 0.0
751 0.0018365472910927456
752 0.0
753 0.006930693069306931
754 0.0
755 0.0010559662090813093
756 0.0034423407917383822
757 0.0015151515151515152
758 0.0
759 0.0035842293906810036
760 0.0
761 0.0
762 0.0
763 0.0
764 0.0
765 0.0
766 0.0
767 0.0
768 0.0
769 0.0
770 0.016786570743405275
771 0.0
772 0.0
773 0.0
774 0.0
775 0.0
776 0.0
777 0.0
778 0.0
779 0.0
780 0.007736943907156673
781 0.0
782 0.0
783 0.0
784 0.0
785 0.03296703296703297
786 0.0
787 0.0
788 0.017241379310344827
789 0.0
790 0.0
791 0.0
792 0.0
793 0.0
794 0.013769363166953529
795 0.010819165378670788
796 0.0
797 0.0
798 0.0
799 0.0
800 0.0
801 0.0
802 0.0
803 0.0
804 0.0
805 0.0
806 0.0
807 0.0
808 0.009124087591240875
809 0.0
810 0.01832460732984293
811 0.0051813471502590676
812 0.0
813 0.001321003963011889
814 0.0022099447513812156
815 0.0049261083743842365
816 0.011299435028248588
817 0.0
818 0.0
819 0.0
820 0.025210084033613446
821 0.0
822 0.0035587188612099642
823 0.0
824 0.0
825 0.01818181818181818
826 0.0
827 0.0
828 0.007751937984496124
829 0.0
830 0.0
831 0.0
832 0.0
833 0.0
834 0.0
835 0.0
836 9.115770282588879E-4
837 0.0
838 0.0031496062992125984
839 0.0
840 0.005649717514124294
841 0.0
842 0.0
843 0.0
844 0.0
845 0.0
846 0.0
847 0.0
848 0.0
849 0.0
850 0.0
851 0.0
852 0.0
853 0.0
854 0.0
855 0.0
856 0.0
857 0.0
858 0.0
859 0.005342831700801425
860 0.0142602495543672
861 0.006739679865206402
862 0.0
863 0.0
864 0.0
865 0.0
866 0.0
867 0.0
868 0.0
869 0.0
870 0.0
871 0.0
872 0.0367965367965368
873 0.008784773060029283
874 0.0
875 0.0
876 0.0
877 0.0
878 0.0
879 0.0
880 0.0
881 0.0
882 0.0
883 0.0
884 0.0
885 0.0
886 0.006369426751592357
887 0.0
888 0.0038461538461538464
889 0.01015228426395939
890 0.0
891 0.0010152284263959391
892 0.0
893 0.0
894 0.0
895 0.0
896 0.0017730496453900709
897 0.007894736842105263
898 0.0
899 0.008791208791208791
900 0.013888888888888888
901 0.0
902 0.0
903 0.0
904 0.0
905 0.03571428571428571
906 0.0
907 0.0
908 0.0
909 0.0
910 0.0
911 0.0
912 0.0
913 0.0
914 0.02857142857142857
915 0.0
916 0.0
917 0.0
918 0.0
919 0.0
920 0.04935622317596566
921 0.0
922 0.0
923 0.0
924 0.0
925 0.0
926 0.060240963855421686
927 0.0
928 0.0
929 0.0
930 0.0
931 0.0
932 0.0
933 0.04685212298682284
934 0.01808785529715762
935 0.0
936 0.0
937 0.0
938 0.0
939 0.0
940 0.0
941 0.0
942 0.008368200836820083
943 0.0
944 0.034482758620689655
945 0.012195121951219513
946 0.0
947 0.005847953216374269
948 0.0
949 0.0
950 0.0
951 0.0
952 0.0
953 0.035856573705179286
954 0.0
955 0.0
956 0.0
957 0.0
958 0.0
959 0.0
960 0.0
961 0.0
962 9.900990099009901E-4
963 0.0
964 0.004160887656033287
965 0.0
966 0.0
967 0.003278688524590164
968 0.0
969 0.0
970 0.0
971 0.0
972 0.0
973 0.0023584905660377358
974 0.0
975 0.0
976 0.0
977 0.0
978 0.011764705882352941
979 0.0
980 0.0
981 0.01839080459770115
982 0.0
983 0.0
984 0.0
985 0.07317073170731707
986 0.0
987 0.0
988 0.0
989 0.0
990 0.00516795865633075
991 0.01893939393939394
992 0.0
993 0.0031512605042016808
994 0.0
995 0.0
996 0.0
997 0.0
998 0.0
999 0.0
1000 0.0
