1 0.005319148936170213
2 0.2709030100334448
3 0.0
4 0.0
5 0.0
6 0.0
7 0.0018331805682859762
8 0.008051529790660225
9 0.0
10 0.0
11 0.05698005698005698
12 0.0
13 0.04297520661157025
14 0.0
15 0.0
16 0.0
17 0.019253910950661854
18 0.0
19 0.07860824742268041
20 0.006493506493506494
21 0.043010752688172046
22 0.0012121212121212121
23 0.0017667844522968198
24 0.0
25 0.00546448087431694
26 0.0
27 0.0
28 0.16341463414634147
29 0.027906976744186046
30 0.056100981767180924
31 0.0
32 0.0
33 0.001466275659824047
34 0.03789279112754159
35 0.08496732026143791
36 0.03722334004024145
37 0.010416666666666666
38 0.0
39 0.004028197381671702
40 0.0
41 0.030017152658662092
42 0.0
43 0.028846153846153848
44 0.07506361323155217
45 0.023276633840644583
46 0.0
47 0.0
48 0.0
49 0.0
50 0.005943536404160475
51 0.0
52 0.00818926296633303
53 0.020891364902506964
54 0.03626220362622036
55 0.07023411371237458
56 0.002657218777679362
57 0.012195121951219513
58 0.0
59 0.015643802647412757
60 0.0015772870662460567
61 0.015254237288135594
62 0.0
63 0.0
64 0.0
65 0.027855153203342618
66 0.00554016620498615
67 0.06347150259067358
68 0.0
69 0.0
70 0.0012578616352201257
71 0.003015075376884422
72 0.05555555555555555
73 0.0
74 0.01639344262295082
75 0.0
76 0.0
77 0.04395604395604396
78 0.0
79 0.0
80 0.005393743257820928
81 0.0
82 0.08371246587807098
83 0.0
84 0.022284122562674095
85 0.0
86 0.0018298261665141812
87 0.03479236812570146
88 0.0
89 0.0
90 0.016581632653061226
91 0.0
92 0.037096774193548385
93 0.0
94 0.2273519163763066
95 0.007936507936507936
96 0.04833836858006042
97 0.04271844660194175
98 0.08208955223880597
99 0.10106382978723404
100 0.0
101 0.0010893246187363835
102 0.0
103 0.0
104 0.029411764705882353
105 0.08585858585858586
106 0.10103626943005181
107 0.002066115702479339
108 0.0
109 0.11196581196581197
110 0.004887585532746823
111 0.007936507936507936
112 0.08067729083665338
113 0.041112454655380895
114 9.606147934678194E-4
115 0.031678082191780824
116 0.012389380530973451
117 0.026262626262626262
118 0.019715224534501644
119 0.0541922290388548
120 0.01053639846743295
121 0.04966887417218543
122 0.13133208255159476
123 0.060240963855421686
124 0.0
125 0.019973368841544607
126 0.15925394548063126
127 0.0
128 0.06763787721123829
129 0.05791505791505792
130 0.019746121297602257
131 0.01697792869269949
132 0.0
133 0.0054446460980036296
134 0.0
135 0.04100227790432802
136 0.06580829756795423
137 0.0
138 0.2108294930875576
139 0.11392405063291139
140 0.0
141 0.023939064200217627
142 0.0
143 0.032520325203252036
144 0.0686641697877653
145 0.23905723905723905
146 0.0
147 0.016602809706257982
148 0.05555555555555555
149 0.03540772532188841
150 0.004285714285714286
151 0.06725663716814159
152 0.04145077720207254
153 0.10661764705882353
154 9.267840593141798E-4
155 0.015966386554621848
156 0.10961968680089486
157 0.0
158 0.031413612565445025
159 0.027932960893854747
160 0.033950617283950615
161 0.0
162 0.0
163 0.0
164 0.0
165 0.0
166 0.032663316582914576
167 0.0
168 0.03913894324853229
169 0.0
170 0.010362694300518135
171 0.0
172 0.017064846416382253
173 0.0
174 0.0
175 0.0
176 0.0
177 0.05604982206405694
178 0.0
179 0.0026785714285714286
180 0.010416666666666666
181 0.046486486486486484
182 0.001122334455667789
183 0.06549815498154982
184 0.0024691358024691358
185 0.028112449799196786
186 0.050522648083623695
187 0.01694915254237288
188 0.022727272727272728
189 0.02063273727647868
190 0.0
191 0.05037159372419488
192 0.011627906976744186
193 0.007082152974504249
194 0.0
195 0.0
196 0.0
197 0.0
198 0.018867924528301886
199 0.0
200 0.0
201 0.0
202 0.14908256880733944
203 0.03861788617886179
204 0.0036529680365296802
205 0.014218009478672985
206 0.0
207 0.0
208 0.051515151515151514
209 0.0
210 0.11075612353567625
211 0.0022624434389140274
212 0.0940940940940941
213 0.04738154613466334
214 0.0
215 0.257479601087942
216 0.02654867256637168
217 0.0
218 0.020905923344947737
219 0.06212424849699399
220 0.0
221 0.0
222 0.0
223 0.0
224 0.06329113924050633
225 0.04079782411604715
226 0.04904632152588556
227 0.0
228 0.033112582781456956
229 0.0
230 0.025
231 0.008645533141210375
232 0.1303964757709251
233 0.0035087719298245615
234 0.0374384236453202
235 0.0
236 0.14065040650406505
237 0.0
238 0.021645021645021644
239 0.03709949409780776
240 0.02134927412467976
241 0.05714285714285714
242 0.0
243 0.0
244 0.015906680805938492
245 0.011917659804983749
246 0.0
247 0.16427783902976847
248 0.0
249 0.003663003663003663
250 0.04247104247104247
251 0.498793242156074
252 0.040106951871657755
253 0.0
254 0.06310679611650485
255 0.030577576443941108
256 0.0
257 0.0
258 0.03583617747440273
259 0.06788247213779129
260 0.0
261 0.0
262 0.06482758620689655
263 0.13142857142857142
264 0.012359550561797753
265 0.0
266 0.05898876404494382
267 0.013254786450662739
268 0.013026052104208416
269 0.0
270 0.059027777777777776
271 0.04060913705583756
272 0.04477611940298507
273 0.07460890493381468
274 0.026272577996715927
275 0.0022598870056497176
276 0.00872093023255814
277 0.0
278 0.0038510911424903724
279 0.0
280 0.08241758241758242
281 0.0
282 0.0015290519877675841
283 0.11275964391691394
284 0.0
285 0.017132551848512173
286 0.010845986984815618
287 0.0
288 0.0472972972972973
289 0.08794197642792384
290 0.022748815165876776
291 0.011090573012939002
292 0.006379585326953748
293 0.0
294 0.03819444444444445
295 0.0
296 0.15319548872180452
297 0.0
298 0.12657166806370496
299 0.04323827046918123
300 0.010460251046025104
301 0.0
302 0.014619883040935672
303 0.0
304 0.0
305 0.060470324748040316
306 0.05898876404494382
307 0.0076045627376425855
308 0.028688524590163935
309 0.04767879548306148
310 0.0
311 0.02456499488229273
312 0.007067137809187279
313 0.01452081316553727
314 0.0589041095890411
315 0.08818342151675485
316 0.0027223230490018148
317 0.022429906542056073
318 0.04133545310015898
319 0.049019607843137254
320 0.024150268336314847
321 0.0689149560117302
322 0.10221465076660988
323 0.10905125408942203
324 0.022556390977443608
325 0.1388660640920296
326 0.11097852028639618
327 0.1697792869269949
328 0.09341637010676157
329 0.0011025358324145535
330 0.027264731750219876
331 0.02636916835699797
332 0.0
333 0.0
334 0.0
335 0.0
336 0.0
337 0.025396825396825397
338 0.0
339 0.03479576399394856
340 0.05804749340369393
341 0.13663967611336034
342 0.002742230347349177
343 0.001488095238095238
344 0.012670565302144249
345 0.0
346 0.03964194373401535
347 0.03476245654692932
348 0.024676850763807285
349 0.007373271889400922
350 0.008688097306689836
351 0.08285163776493257
352 0.0
353 0.007029876977152899
354 0.11452991452991453
355 0.051001821493624776
356 0.005772005772005772
357 0.0
358 9.293680297397769E-4
359 0.0
360 0.07679465776293823
361 0.034482758620689655
362 0.028744326777609682
363 0.029801324503311258
364 0.0
365 0.003436426116838488
366 0.02735562310030395
367 0.05144694533762058
368 0.0
369 0.014435695538057743
370 0.09666080843585237
371 0.02936096718480138
372 0.1850613154960981
373 0.03524229074889868
374 0.0036363636363636364
375 0.004098360655737705
376 0.0012674271229404308
377 0.061452513966480445
378 0.04671968190854871
379 0.013888888888888888
380 0.005405405405405406
381 0.0
382 0.035555555555555556
383 0.029411764705882353
384 0.06557377049180328
385 0.011121408711770158
386 0.017857142857142856
387 0.0037002775208140612
388 0.0
389 0.007582938388625593
390 0.006872852233676976
391 0.1251646903820817
392 0.0962566844919786
393 0.09028727770177838
394 0.04664391353811149
395 0.007263922518159807
396 0.001059322033898305
397 0.0
398 0.02791145332050048
399 0.0
400 0.0
401 0.0
402 0.0
403 0.01990632318501171
404 0.018085106382978722
405 0.14147627416520211
406 0.0
407 0.003703703703703704
408 0.044854881266490766
409 0.0
410 0.00684931506849315
411 0.015455950540958269
412 0.07570977917981073
413 0.03685897435897436
414 0.0330812854442344
415 0.004395604395604396
416 0.0
417 0.05604203152364273
418 0.03974706413730804
419 0.0
420 0.0
421 0.010040160642570281
422 0.0175
423 0.12063808574277168
424 0.0
425 0.0
426 0.020276497695852536
427 0.0
428 0.11740473738414006
429 0.02349869451697128
430 0.08800690250215704
431 0.05606407322654462
432 0.036072144288577156
433 0.013799448022079117
434 0.019332161687170474
435 0.001834862385321101
436 0.0
437 0.015070921985815602
438 0.04678362573099415
439 0.0
440 0.06773283160865474
441 0.0
442 0.15196078431372548
443 0.0
444 0.12030075187969924
445 0.04175365344467641
446 0.012671594508975714
447 0.009655172413793104
448 0.029227557411273485
449 0.007944389275074478
450 0.002944062806673209
451 0.0
452 0.0
453 0.15211970074812967
454 0.0
455 0.0
456 0.003579952267303103
457 0.0
458 0.0
459 0.0821529745042493
460 0.16929133858267717
461 0.0026041666666666665
462 0.021212121212121213
463 0.0
464 0.0
465 0.04265997490589712
466 0.055443548387096774
467 0.0
468 0.032989690721649485
469 0.013368983957219251
470 0.0613682092555332
471 0.0
472 0.09772296015180265
473 0.0
474 0.03639846743295019
475 0.01276595744680851
476 0.018050541516245487
477 0.0019665683382497543
478 0.0
479 0.0
480 0.03306523681858802
481 0.05252918287937743
482 0.012444444444444444
483 0.0
484 0.013605442176870748
485 0.07524932003626474
486 0.016483516483516484
487 0.0
488 0.11733800350262696
489 0.08609271523178808
490 0.007102272727272727
491 0.0
492 0.0019880715705765406
493 0.0012953367875647669
494 0.0
495 0.0
496 0.01765650080256822
497 0.0
498 0.0922882427307206
499 0.17684478371501272
500 0.07777777777777778
501 0.03429355281207133
502 0.0020181634712411706
503 0.08096828046744574
504 0.031545741324921134
505 0.006462035541195477
506 0.09168443496801706
507 0.0
508 0.1068090787716956
509 0.0012610340479192938
510 0.050473186119873815
511 0.02317596566523605
512 0.0
513 0.007159904534606206
514 0.0
515 0.007263922518159807
516 0.08952702702702703
517 0.0
518 0.0
519 0.07507082152974505
520 0.0
521 0.022284122562674095
522 0.07022222222222223
523 0.037756202804746494
524 0.0
525 0.014749262536873156
526 0.08468776732249786
527 0.011876484560570071
528 0.06826568265682657
529 0.0
530 0.011120615911035072
531 0.0
532 0.026957637997432605
533 0.0
534 0.007168458781362007
535 0.0
536 0.0
537 0.04951456310679612
538 0.036519871106337275
539 0.060016906170752324
540 0.008884501480750246
541 0.022020725388601035
542 0.03146067415730337
543 0.0
544 0.023809523809523808
545 0.0
546 0.02040816326530612
547 0.0
548 0.0
549 0.005813953488372093
550 0.0
551 0.0069767441860465115
552 0.0
553 0.023140495867768594
554 0.01875
555 0.0
556 0.023809523809523808
557 0.0141718334809566
558 0.011111111111111112
559 0.025806451612903226
560 0.00922509225092251
561 0.1171003717472119
562 0.0
563 0.0755287009063444
564 0.0
565 0.0690846286701209
566 0.0011560693641618498
567 0.0
568 0.018115942028985508
569 0.0283363802559415
570 0.1495956873315364
571 0.0
572 0.0
573 0.021917808219178082
574 0.12376237623762376
575 0.020442930153321975
576 0.008264462809917356
577 0.0
578 0.038882138517618466
579 0.133428981348637
580 0.025777777777777778
581 0.09035409035409035
582 0.002717391304347826
583 0.1138121546961326
584 0.032231404958677684
585 0.0868421052631579
586 0.10209205020920502
587 0.14331210191082802
588 0.0
589 0.0
590 0.07816711590296496
591 0.0
592 0.0
593 0.040268456375838924
594 0.0
595 0.0
596 0.05561735261401557
597 0.07574468085106383
598 0.007561436672967864
599 0.0672358591248666
600 0.03319919517102616
601 0.050761421319796954
602 0.04084158415841584
603 0.0
604 0.019318181818181818
605 0.04389312977099236
606 0.0012987012987012987
607 0.0
608 0.0
609 0.02130681818181818
610 0.0
611 0.0
612 0.0
613 0.047079337401918046
614 0.017415215398716773
615 0.10591133004926108
616 0.0
617 0.0
618 0.037227214377406934
619 0.0
620 0.022922636103151862
621 0.04442148760330578
622 0.0
623 0.0
624 0.010570824524312896
625 0.010014306151645207
626 0.011152416356877323
627 0.027777777777777776
628 0.05689900426742532
629 0.04819277108433735
630 0.06372549019607843
631 0.0
632 0.03665814151747655
633 0.0
634 0.022202486678507993
635 0.0
636 0.0
637 0.07575757575757576
638 0.019138755980861243
639 0.0
640 0.0
641 0.03431372549019608
642 0.020910209102091022
643 0.0
644 0.04663677130044843
645 0.0
646 0.0026666666666666666
647 0.028268551236749116
648 0.02358490566037736
649 0.0
650 0.07919847328244274
651 0.0
652 0.031222123104371096
653 0.0
654 0.0
655 0.109106529209622
656 0.08068669527896996
657 0.08616404308202154
658 0.0888129803586678
659 0.03007518796992481
660 0.0
661 0.009182736455463728
662 0.0
663 0.06338028169014084
664 0.0748829953198128
665 0.0018214936247723133
666 0.0
667 0.00823045267489712
668 0.005763688760806916
669 0.03177405119152692
670 0.016666666666666666
671 0.13350340136054423
672 0.06717226435536294
673 0.06742738589211618
674 0.00916590284142988
675 0.0
676 0.0
677 0.1504739336492891
678 0.07677902621722846
679 0.00141643059490085
680 0.0
681 0.1048313582497721
682 0.014022787028921999
683 0.017543859649122806
684 0.0
685 0.06496519721577726
686 0.022794846382556987
687 0.02356902356902357
688 0.008849557522123894
689 0.04052443384982122
690 0.07544006705783739
691 0.02654867256637168
692 0.0
693 0.0
694 0.054982817869415807
695 0.03611111111111111
696 0.16332378223495703
697 0.0
698 0.23023023023023023
699 0.0
700 0.0
701 0.031098153547133137
702 0.04060913705583756
703 0.05333333333333334
704 0.014795474325500435
705 0.0026595744680851063
706 0.10310965630114566
707 0.04055220017256255
708 0.032388663967611336
709 0.09098786828422877
710 0.0045662100456621
711 0.0
712 0.0
713 0.023215821152192607
714 0.030431107354184278
715 0.0
716 0.0
717 0.05238095238095238
718 0.036941580756013746
719 0.0
720 0.015957446808510637
721 0.0
722 0.07876712328767123
723 0.0
724 0.008756567425569177
725 0.0
726 0.125
727 0.0
728 0.032288698955365625
729 0.03135498320268757
730 0.007751937984496124
731 0.011545293072824156
732 0.0
733 0.010771992818671455
734 0.05103969754253308
735 0.0
736 0.013172338090010977
737 0.0
738 0.1275797373358349
739 0.05056179775280899
740 0.13975903614457832
741 0.044977511244377814
742 0.04032258064516129
743 0.0
744 0.0
745 0.013008130081300813
746 0.0
747 0.06156552330694811
748 0.017075773745997867
749 0.0
750 0.03112033195020747
751 0.0203527815468114
752 0.059636992221261884
753 0.07521367521367521
754 0.0
755 0.0514018691588785
756 0.0
757 0.027385159010600707
758 0.08310249307479224
759 0.0
760 0.0
761 0.0
762 0.0
763 0.008849557522123894
764 0.0
765 0.0
766 0.12950340798442064
767 0.1016949152542373
768 0.0
769 0.0
770 0.0787037037037037
771 0.011400651465798045
772 0.00684931506849315
773 0.008849557522123894
774 0.029780564263322883
775 0.003875968992248062
776 0.03188405797101449
777 0.06342182890855458
778 0.1341317365269461
779 0.0
780 0.0
781 0.06972789115646258
782 0.002785515320334262
783 0.11888111888111888
784 0.06725146198830409
785 0.02714440825190011
786 0.08310991957104558
787 0.0
788 0.006782945736434108
789 0.0
790 0.02336448598130841
791 0.022298456260720412
792 0.1111111111111111
793 0.0
794 0.0
795 0.0
796 0.001451378809869376
797 0.0
798 0.0
799 0.0
800 0.05203045685279188
801 0.0
802 0.013525698827772768
803 0.07804370447450572
804 0.016928657799274487
805 0.06493506493506493
806 0.016025641025641024
807 0.06678082191780822
808 0.0
809 0.04066543438077634
810 0.0
811 0.14465408805031446
812 0.16176470588235295
813 0.03247863247863248
814 0.002081165452653486
815 0.01717557251908397
816 0.02564102564102564
817 0.010101010101010102
818 0.0
819 0.011701170117011701
820 0.050173010380622836
821 0.0
822 0.03373702422145329
823 0.024539877300613498
824 0.0
825 0.0
826 0.016042780748663103
827 0.16630669546436286
828 0.17894736842105263
829 0.08256880733944955
830 0.10866372980910426
831 0.006688963210702341
832 0.07956318252730109
833 0.0
834 0.0
835 0.052749719416386086
836 0.01545253863134658
837 0.029525032092426188
838 0.008567931456548347
839 0.0018467220683287165
840 0.0
841 0.0
842 0.0
843 0.0
844 0.022397891963109356
845 0.2093617021276596
846 0.005235602094240838
847 0.016224188790560472
848 0.0
849 0.04094631483166515
850 0.0
851 0.03451676528599606
852 0.09062003179650238
853 0.09608843537414966
854 0.0950305143853531
855 0.0
856 0.05555555555555555
857 0.019267822736030827
858 0.0
859 0.014652014652014652
860 0.04697156983930779
861 0.0030303030303030303
862 0.0
863 0.0014104372355430183
864 0.0
865 0.019455252918287938
866 0.0054894784995425435
867 0.011450381679389313
868 0.007894736842105263
869 0.017432646592709985
870 0.0
871 0.0
872 0.0
873 0.10329670329670329
874 0.0
875 0.01046337817638266
876 0.02384737678855326
877 0.022727272727272728
878 0.08354430379746836
879 0.0
880 0.0
881 0.004694835680751174
882 0.0
883 0.005567928730512249
884 0.10778443113772455
885 0.03859964093357271
886 0.004037685060565276
887 0.053832116788321165
888 0.021052631578947368
889 0.0029239766081871343
890 0.06994171523730225
891 0.01680672268907563
892 0.020895522388059702
893 0.0
894 0.0
895 0.0
896 0.0
897 0.1288265306122449
898 0.060546875
899 0.18490245971162
900 0.08976157082748948
901 0.0
902 0.0
903 0.0
904 0.0
905 0.0
906 0.0024813895781637717
907 0.0
908 0.018789144050104383
909 0.037037037037037035
910 0.04380791912384162
911 0.018867924528301886
912 0.0325
913 0.0737410071942446
914 0.0
915 0.035227272727272725
916 0.2652652652652653
917 0.13003663003663005
918 0.0
919 0.0
920 0.14093959731543623
921 0.0
922 0.0
923 0.006622516556291391
924 0.0
925 0.0
926 0.04904306220095694
927 0.03594771241830065
928 0.0
929 0.0
930 0.0
931 0.0
932 0.03833333333333333
933 0.0
934 0.024299065420560748
935 0.03065134099616858
936 0.18234442836468887
937 0.1211340206185567
938 0.0
939 0.0
940 0.0
941 0.0
942 0.006830601092896175
943 0.33771569433032045
944 0.024193548387096774
945 0.013157894736842105
946 0.0
947 0.0
948 0.013071895424836602
949 0.10772833723653395
950 0.047325102880658436
951 0.04951370468611848
952 0.02242152466367713
953 0.017892644135188866
954 0.0
955 0.028089887640449437
956 0.002466091245376079
957 0.0
958 0.0
959 0.04184100418410042
960 9.285051067780873E-4
961 0.02168256721595837
962 0.0
963 0.07389162561576355
964 0.0
965 0.0
966 0.0226628895184136
967 0.030809859154929578
968 0.007352941176470588
969 0.05161943319838057
970 0.02127659574468085
971 0.001447178002894356
972 0.01740294511378849
973 0.0
974 0.0
975 0.0
976 0.0
977 0.0
978 0.0
979 0.014598540145985401
980 0.008333333333333333
981 0.0
982 0.002081165452653486
983 0.014844804318488529
984 0.022608695652173914
985 0.03629976580796253
986 0.09016393442622951
987 0.06837606837606838
988 0.08044982698961937
989 0.0
990 0.0
991 0.0
992 0.05132743362831858
993 0.11807580174927114
994 0.02464332036316472
995 0.0
996 0.0
997 0.11743450767841011
998 0.1688073394495413
999 0.15053763440860216
1000 0.13188976377952755
