1 592.7286986182685
2 802.2470524937115
3 539.1357774976811
4 592.727442251327
5 575.3297452726905
6 560.0676841574221
7 594.0515990793589
8 561.3758888254381
9 567.9950270488084
10 573.8658629818411
11 573.2937712997352
12 542.5332730467186
13 605.3944746895744
14 548.9373942483434
15 584.9975281638293
16 568.2029869065108
17 600.3900495220897
18 565.0299367404472
19 626.7631399478606
20 573.0563939956478
21 604.0772742273864
22 652.3662183770898
23 601.0409804403988
24 583.1102415668144
25 610.0555387572168
26 561.7284372029145
27 572.3134837795382
28 808.0215446249008
29 593.7587411707472
30 652.9443348204351
31 562.0619349326904
32 569.5781352766307
33 576.3564373924801
34 633.1712843673995
35 585.9438884865564
36 617.4835122922971
37 582.5465528761712
38 578.9357554155795
39 589.10170050382
40 563.2461041201625
41 616.3810264709244
42 553.1592741251322
43 609.2215371370045
44 631.6215315143451
45 610.50385984317
46 547.9194329855333
47 560.6408029615835
48 553.7318613895428
49 575.928357722516
50 595.0778066621988
51 546.011013397587
52 569.9760173374812
53 599.6760859812099
54 583.2784278204567
55 664.536779121786
56 597.1971759637448
57 580.6235738510318
58 565.4565465963327
59 600.6340205519639
60 569.5051161520543
61 598.8052793057433
62 606.2716070153626
63 564.2999495204976
64 572.6089387318041
65 587.2557624765941
66 563.8256488294932
67 634.5516156901434
68 572.6669024901435
69 567.3605422285007
70 587.8909999162497
71 587.8789288964582
72 640.4926823131545
73 592.3913189508888
74 572.5414541388051
75 559.3916826582291
76 554.6940976090506
77 647.3437360497505
78 546.6989781043638
79 563.337772344681
80 566.5629133354437
81 572.8116615777013
82 672.3258969610066
83 577.437570371954
84 582.5847377280476
85 572.3024099407509
86 544.3931079692527
87 599.8192944354887
88 562.6497082436268
89 590.5165657956186
90 567.9765812659319
91 548.4203805049668
92 593.0541614221092
93 552.9610462830689
94 793.6741334689841
95 569.1002237759918
96 577.76359885714
97 636.807001824053
98 629.7546732952803
99 608.7699987505422
100 566.6137302459978
101 566.7755512637366
102 583.215803306579
103 582.7741851819222
104 603.7064525645943
105 641.9942416106607
106 693.1231522434034
107 562.1521239923967
108 570.999600009226
109 716.8526234708675
110 579.8484304671829
111 574.8716656636202
112 681.737386748582
113 628.3779226390267
114 592.6033457606553
115 619.8590103416534
116 600.5938494427924
117 560.246115641639
118 597.775857795618
119 616.9093478214606
120 568.4780219976243
121 672.2401885342919
122 633.8761691396421
123 665.4656709364175
124 575.7197518286451
125 601.0380297463081
126 668.022868498135
127 587.8890559040566
128 631.228761608576
129 577.8794430751278
130 583.1243407359705
131 596.4220777035556
132 557.5980117639228
133 582.1098818491608
134 574.8325925881021
135 606.8925972336572
136 606.6549635492315
137 554.2782747714984
138 819.9248748640135
139 635.6505195029386
140 524.9812441303836
141 642.3052109598879
142 562.5267458071515
143 579.1856138401271
144 626.2823741357836
145 682.3024043492771
146 562.4447395271476
147 587.3280250906224
148 599.4523593823068
149 588.0447736172457
150 571.8755931278671
151 655.7038845773017
152 609.6931585383884
153 622.7473327372562
154 602.9430699560914
155 622.4215092359981
156 625.7447093185066
157 547.8381069847725
158 595.2640120386859
159 605.9658249244284
160 573.1554275724068
161 575.6513068880604
162 551.1341044077733
163 560.7707966988631
164 558.7884076908017
165 534.0326155141044
166 612.611320986617
167 541.7627886371911
168 583.6369726121512
169 553.8006386424408
170 609.8241934327796
171 582.9727666920289
172 594.3820584311018
173 577.1810315481819
174 574.2419923142015
175 553.2722277551984
176 561.3475448777532
177 607.4875725080353
178 558.0708364964402
179 550.766777303903
180 562.2002548083715
181 631.2868743572596
182 588.5523315236738
183 670.2654165483543
184 584.195370819176
185 624.4015554892054
186 583.0936475213274
187 589.937656695147
188 565.6555488658012
189 596.481142885325
190 566.4068239180232
191 667.5907840231841
192 595.0321712116995
193 577.1744200808206
194 545.9695310542375
195 577.8004407989616
196 558.1075494458181
197 570.1817287322532
198 576.5611970455581
199 579.1192500511243
200 587.0414155844481
201 556.3608887352713
202 639.7243938550653
203 612.5123784914418
204 582.1133639213863
205 590.4043340075915
206 581.3984685503718
207 565.4572648772055
208 581.9252890290586
209 563.2984220850153
210 689.8985841607521
211 614.4635879758841
212 648.4707739403908
213 569.4218130478878
214 586.9358154213312
215 793.4933027018867
216 584.7849463423431
217 549.968004872614
218 609.3799011235355
219 581.3977782242957
220 587.5456830273923
221 569.3437233552618
222 559.3008364431008
223 554.3186228977315
224 583.8420102290911
225 608.2875365788326
226 577.5693111060209
227 565.0563733179947
228 638.0869203613737
229 572.0412421386959
230 615.3355065193568
231 562.635279106871
232 789.4983505244539
233 576.6921104826625
234 625.5049762412381
235 550.6363669746164
236 752.3294528561427
237 564.2054650075623
238 569.4117231478806
239 606.4410252060762
240 634.8173210950685
241 612.5915337264883
242 568.8894534428026
243 569.1447083280027
244 591.5861664971239
245 578.5603084998045
246 588.5499646381352
247 739.1083655135675
248 568.9905108888254
249 605.3822128472616
250 606.9235326464012
251 1146.5802543798688
252 604.3913710858764
253 554.368394173523
254 638.7724891929422
255 594.5407870642437
256 579.3826278888527
257 571.3383122785542
258 637.2668971311884
259 640.0807941411106
260 559.1771103578423
261 556.9856177407436
262 609.7162624735802
263 639.7652253826907
264 577.2464850066449
265 579.334262882008
266 616.3376629704286
267 570.1322698654661
268 568.7753695998892
269 552.9652653644077
270 668.4162319626782
271 598.2068817325542
272 633.5827669306093
273 637.151494467983
274 589.3734151600855
275 572.9702719314241
276 579.9034055448444
277 560.7431105482551
278 603.1055821934436
279 578.1292802048891
280 680.1046845697555
281 580.8290293107713
282 581.2650593282916
283 575.0418531531276
284 576.0725056841304
285 631.8607308716033
286 629.7444617037524
287 579.0807095424066
288 600.1288836403118
289 647.0433779101132
290 600.3350169391226
291 606.4002671158813
292 598.9907425554189
293 549.2680757941579
294 621.1466248035455
295 535.9309065008615
296 771.6661107075277
297 576.8973534190822
298 708.3616731774696
299 645.3296505519124
300 595.9735718575306
301 572.5872411915454
302 574.0871849246821
303 561.0503106777799
304 545.695686396262
305 622.3314745953053
306 583.8305148091504
307 577.5480653047365
308 589.2321159050904
309 618.0661324694564
310 540.0255998857575
311 611.8453850816593
312 637.4739814061319
313 612.7709104265148
314 605.0893824898725
315 627.7821890236968
316 589.4540897646224
317 587.9065309955915
318 583.8631330847621
319 580.2503537537615
320 613.5578503597646
321 599.1887938537667
322 701.3601538367017
323 657.0824509058519
324 567.4284974728218
325 750.1137717104318
326 646.6305250078129
327 783.2354363739297
328 678.8400139925674
329 589.1958310477997
330 589.9685525486283
331 580.1339282281768
332 564.2188602906305
333 555.8521638942512
334 571.7236668563945
335 560.404548832908
336 587.5456361009232
337 594.7339065873424
338 549.5148592904042
339 573.4816643852855
340 666.9556041558399
341 692.6780077805375
342 589.3051260998092
343 555.6687194704496
344 605.7475060031862
345 543.6347260035157
346 608.8329379219771
347 587.9721077490882
348 623.2112635544781
349 587.9685755468803
350 603.935047851949
351 634.8080964981596
352 552.1730759175588
353 582.65479776445
354 749.6925783642146
355 583.1376609978121
356 590.0482072654996
357 579.4824383335304
358 570.6218899959964
359 562.754624944504
360 683.8618892439961
361 657.5358753103111
362 574.2391334268281
363 594.5294511265588
364 567.1695651290162
365 566.4033507537246
366 597.2521390915205
367 587.9393454932591
368 532.3553547636493
369 624.3517526407172
370 718.413359738366
371 609.8098789192387
372 761.7507487118386
373 616.5766698508437
374 579.4350505784864
375 604.7600240254413
376 566.5303138394042
377 571.0075951075195
378 625.8469002130201
379 586.7082173499992
380 591.3353052959496
381 583.08976921648
382 617.8366497139713
383 606.9247626911124
384 644.2991981524598
385 604.626202009998
386 625.7229880831582
387 578.6859287875797
388 541.2095881028104
389 585.1526624035441
390 583.9948776913174
391 651.9180386313997
392 605.3933256645406
393 668.4004544084637
394 636.3507419810468
395 575.8995477967385
396 574.7314631025498
397 553.0420884303672
398 610.548876171681
399 589.5780631583985
400 567.7446602422624
401 568.7832984519285
402 580.6370059813311
403 626.1847555375513
404 590.4235041698636
405 671.3688884584134
406 556.5774232253605
407 587.2525053650066
408 630.8318524395519
409 557.8715864286924
410 604.3662130689058
411 582.6648912299263
412 677.2639039636755
413 620.8750310285557
414 645.3969842704407
415 578.0843943915601
416 572.6114816085745
417 660.1771573263527
418 636.975421630147
419 565.9813274006126
420 539.7834346488886
421 581.4034935254288
422 688.5107108677278
423 728.1029479593852
424 562.8336476003942
425 547.5660118319713
426 582.8128926295026
427 549.9896103620372
428 728.1976046919931
429 619.2321760209672
430 667.0424768272501
431 620.4338912347553
432 613.6704376077494
433 594.5589091342441
434 587.8113166751286
435 559.825488110303
436 553.456573385951
437 583.8419064091896
438 633.3867266588527
439 579.137905449749
440 679.101078659425
441 584.1125451642295
442 676.5953805814139
443 561.2457562315374
444 631.6305561314091
445 595.4546360463655
446 583.6657640111881
447 565.8988791897723
448 626.0600287730506
449 591.9345926734726
450 588.1828026532248
451 566.0837696860024
452 573.0208608162706
453 606.6025068353547
454 553.181695258007
455 574.9595746665121
456 587.85647021427
457 569.0634396052687
458 596.9941774179238
459 642.315995665799
460 604.1166796250776
461 636.5621362024594
462 617.2558820528234
463 553.1033099328087
464 550.4981634064877
465 613.9521734793865
466 631.5953132449577
467 599.9254055216342
468 605.1962508566728
469 570.7142802337427
470 650.4941870504917
471 553.4610940020557
472 719.2485492632565
473 561.552897954411
474 595.4064129570698
475 582.7407905226897
476 611.7012934704508
477 587.6011359116591
478 573.4878917447071
479 543.1085274916836
480 610.8173377851364
481 624.232868941017
482 579.7654382484917
483 576.3774845920889
484 599.1130668186047
485 662.6045992210779
486 559.7839516408928
487 571.6018535648993
488 622.6336935527963
489 632.6707455206957
490 598.4943882143042
491 549.1847441773012
492 616.1983548320958
493 570.2964191014003
494 564.7635376563352
495 591.8730634890233
496 607.0301900400125
497 559.5638719027072
498 641.5970440641441
499 691.7044702971601
500 588.4209068979333
501 600.5110389859067
502 568.5373485714573
503 688.892596965822
504 566.8912887836012
505 594.9694410861964
506 624.554083291294
507 534.5844655127916
508 660.3289998038524
509 605.6453710752477
510 605.9894001612403
511 623.5214606908655
512 557.3881633217479
513 606.7489812925828
514 575.777971584906
515 556.5324964448231
516 689.6232975312013
517 544.855574497641
518 580.7932212435816
519 676.6052981216978
520 549.9831285179431
521 576.6604935486293
522 645.6960728986593
523 624.9314246160598
524 560.1282361205692
525 561.9173524050179
526 703.0895258081516
527 577.3223780207834
528 641.6031810415882
529 569.0645285574816
530 575.9143863803727
531 575.270877633281
532 643.8310041473935
533 569.7179698375144
534 573.1432319620394
535 559.8186429312349
536 560.4419538299356
537 585.0152828930891
538 609.8799631216456
539 690.4759665138795
540 588.5431517974985
541 604.9088210342845
542 613.3719988980456
543 556.2428433546363
544 589.5078234238217
545 548.4381057944751
546 576.5934545696832
547 575.666210900908
548 572.6800131270097
549 563.4219654423061
550 574.8106353753776
551 571.2097314668702
552 576.1933034980074
553 611.712499665666
554 598.0528003875357
555 539.7068989438993
556 600.5144113610148
557 595.217423458973
558 602.8875933296774
559 593.6122557076317
560 610.1432145876604
561 669.553941313901
562 569.5965528125156
563 638.4383304684519
564 559.0828403364574
565 620.0899446567167
566 557.2997457516709
567 582.655476403554
568 623.6401390749454
569 618.2424850364582
570 703.054542173111
571 553.457155492333
572 546.2527397257012
573 590.9765864648223
574 585.3714141271194
575 613.3136597183413
576 624.6295258960934
577 556.5924188214706
578 624.0721498322982
579 680.9808241071601
580 618.7833401161683
581 621.8871475239706
582 580.3854503130607
583 655.0487292437117
584 652.0581803004798
585 648.2105970037195
586 704.3102874454121
587 629.5167206549551
588 566.0661418825778
589 576.6103174603286
590 642.2048008029614
591 555.8185850236608
592 593.9259027668945
593 607.8852991368565
594 579.7206497016007
595 555.3736527461251
596 631.6242473054764
597 666.9287599903969
598 610.114092623404
599 644.0000008150797
600 603.3695270294822
601 623.8166013065279
602 609.0397551521095
603 564.5236404995544
604 617.9983533395775
605 579.2725364876669
606 558.9714513283947
607 550.8158137867675
608 561.1822269677524
609 603.2062690063458
610 572.4093093913903
611 584.9703350454079
612 552.2574150486893
613 630.8008729538886
614 599.2662980457972
615 611.0996494325716
616 553.2211601242658
617 560.2566892704435
618 594.6962520477648
619 559.2021485565746
620 609.2552835522768
621 613.948399810875
622 583.699775640225
623 538.9826703170271
624 618.732707671036
625 596.5318945644846
626 567.6557646758386
627 648.0143799323336
628 628.6272993263865
629 628.7659461850525
630 658.1702420264377
631 574.0019960363165
632 654.3168111241242
633 537.3085631695617
634 587.6393624289974
635 553.642878552338
636 558.8932063985387
637 647.7476461480043
638 593.1391227270283
639 553.8140373841221
640 590.9367040768205
641 651.3980858535767
642 586.249936997571
643 558.0729958024483
644 636.6436421207745
645 564.3641268179216
646 571.7020950914716
647 605.8833032183876
648 607.1074371795202
649 551.5884257013556
650 655.3914941800566
651 565.4695151897146
652 598.7063114131291
653 596.3527593241521
654 551.9800873150074
655 775.2822611292299
656 702.1006607741369
657 726.6025738406133
658 669.1647328481629
659 568.4885844426193
660 577.8931178462018
661 568.6729469720885
662 548.0348279393091
663 573.429004844965
664 655.5641235232216
665 555.3322656011045
666 560.6732553989236
667 575.2993855379883
668 549.6102356630278
669 596.037617103872
670 623.8038893949723
671 787.0725303584736
672 629.7007673033571
673 646.9618503506736
674 584.5943846444989
675 566.3666413661538
676 565.9843107247347
677 688.7749448929285
678 616.1763251329104
679 565.5568355639622
680 556.2539752573377
681 697.2409827433329
682 614.810028092327
683 576.30821686771
684 570.2365685485757
685 627.9840144379746
686 589.540437673041
687 570.1159329106036
688 597.4696537563391
689 643.8291917484414
690 673.1674806181823
691 598.550646810822
692 583.2375020642526
693 585.092789649755
694 590.1865636828342
695 581.8943624309675
696 704.9924477811218
697 558.212664029663
698 765.0700815495946
699 568.3845198946474
700 577.8868771974538
701 587.7351793182827
702 590.3547941292254
703 580.7322456273213
704 600.8922425654159
705 564.4328099039453
706 647.1437972681284
707 623.091375408599
708 596.3279685811472
709 732.9469552924985
710 550.1542878736349
711 544.5314503695591
712 563.473159505298
713 616.5858011975288
714 650.4471111283359
715 571.7731282020367
716 597.7901309953827
717 595.9620480008768
718 664.9428345700752
719 582.7660525296473
720 568.0800872562876
721 551.1420056481422
722 680.3280608871432
723 544.8112727721126
724 617.7747592331924
725 557.809493504258
726 705.501339833464
727 541.0484521321372
728 579.8503407191739
729 597.7810388117391
730 586.4839827381447
731 605.4086952082162
732 587.8372738675641
733 574.2560653032039
734 625.4954794161536
735 547.4910997200517
736 593.5911641510291
737 583.8788004332453
738 688.4440442088146
739 584.8074638030982
740 681.3156483704819
741 623.9400824878644
742 572.6122937609097
743 578.1532822788163
744 578.7906796881065
745 587.2867547809742
746 552.5463577887023
747 668.130963136851
748 584.1638482923362
749 566.6877533860393
750 608.0944800353476
751 570.7465897292722
752 669.8715232590416
753 692.293283962533
754 557.3391561274934
755 594.6064858380996
756 593.3086308070061
757 617.7364585817752
758 667.1091148490234
759 558.0012406516341
760 557.4391397888955
761 568.4767798276032
762 548.0498768186275
763 607.8264027654825
764 564.0007154154981
765 551.554298890614
766 725.8906042368228
767 597.6975962631711
768 534.2772043934326
769 561.5684843286227
770 656.9379122658678
771 574.8974774592551
772 596.3591612739034
773 585.0530442737512
774 605.7319903810093
775 563.7474926355425
776 605.4090584957775
777 606.9951609546991
778 691.9341568288294
779 543.2319439829223
780 573.0682348271216
781 672.9020406369095
782 572.9803359108058
783 580.6898140506859
784 597.0971763973002
785 607.798898573904
786 608.112649876876
787 587.5066320478606
788 586.7832304009308
789 557.3168362058311
790 629.0067684700692
791 611.7576444887362
792 694.1054222024337
793 554.7236400327458
794 581.7676879576989
795 559.5311459480289
796 553.1917806047061
797 573.4574233703278
798 575.4760862997081
799 567.5976157990998
800 585.696592962798
801 565.6627108411004
802 570.8884205728617
803 635.109287867982
804 579.9708845806288
805 638.4710426065809
806 590.3829659091645
807 643.9794940102515
808 550.346887398516
809 590.633234665756
810 557.6484805451785
811 706.620155309883
812 720.8023985985245
813 638.7959339278443
814 593.6807415482614
815 595.1731433875304
816 580.582842926963
817 572.8537843457607
818 573.5500302456187
819 605.8115764768312
820 628.6380504249771
821 579.0861222124582
822 614.6114249893691
823 569.1421389345647
824 567.466623653406
825 567.0684891756442
826 598.9041101482468
827 644.0309642600347
828 743.3916640552908
829 671.3482160219095
830 649.054648243043
831 565.9804755574572
832 648.816817172003
833 543.3741845251228
834 550.231032383979
835 624.7404213232243
836 634.5251608768436
837 600.0757055217405
838 588.0746124657543
839 577.4855490126978
840 571.1958592828283
841 569.6503857162845
842 616.1745218055271
843 561.871925291057
844 587.1367642600122
845 803.5544539926591
846 580.2723999061036
847 654.3451634852929
848 558.1963447240477
849 623.2256308086461
850 602.7042966958694
851 596.0711718767598
852 633.7717735411494
853 678.8970060848266
854 684.4674538854381
855 568.4060807389837
856 639.7010774588296
857 565.3779852162946
858 559.846335805148
859 599.2216640130493
860 608.1899079072283
861 598.5897678077199
862 549.8229388870145
863 556.5344780394587
864 553.2284147326897
865 568.9078162254979
866 595.2463976133689
867 592.0513147422006
868 623.0037607184807
869 562.5545421452106
870 548.9789326101177
871 542.8261222507722
872 582.8830935129613
873 601.4700796041321
874 566.3480107820291
875 570.7731728136473
876 586.4382889820984
877 578.8937053424019
878 601.4947721755025
879 556.7349494474939
880 558.9034860994211
881 567.6642891928528
882 587.629898964416
883 558.7973683245814
884 633.078917519402
885 638.5802962877393
886 577.8514284879338
887 645.2286802953244
888 568.7456475840664
889 590.6800418821528
890 713.1667776585716
891 609.2117216856238
892 595.2313937192804
893 561.8301354551093
894 573.8459362321206
895 537.4222596490872
896 565.1252570750212
897 676.1883189197366
898 621.8951893916304
899 792.6991707278381
900 611.6055021387102
901 556.5136570339489
902 568.4195068125887
903 570.8705343099779
904 572.5787511730423
905 568.5789793678624
906 589.8682250516541
907 585.3814578542209
908 593.5216629896536
909 571.5127682589147
910 642.4752161533125
911 607.3896652705589
912 577.8409376252656
913 673.5208505440238
914 547.6584819047381
915 620.9643612371456
916 858.7609541774042
917 713.05138928591
918 561.9604589214056
919 553.5659120191893
920 658.6150175417818
921 562.657062489767
922 554.4826876627777
923 580.8965396482564
924 562.1558951485281
925 546.9186811467274
926 623.5979376967746
927 595.1146907175886
928 574.9536210535496
929 543.3952750320714
930 598.2169844021082
931 561.2559510359432
932 684.3777187216976
933 599.7380364845604
934 577.8305255424565
935 570.9923050655653
936 694.4892552542179
937 638.3052311429919
938 559.6364817496254
939 559.9834391515486
940 565.126669325152
941 578.0472460945939
942 599.5154681650444
943 962.7227300145145
944 621.8869002034052
945 568.6514365756981
946 595.4442039767804
947 561.8433625149482
948 567.76849683194
949 669.6116730433214
950 638.2094736652305
951 632.7252081545184
952 602.9296588066796
953 595.3167620453231
954 554.3339966512974
955 599.0756228512496
956 564.631474109589
957 599.6526329241224
958 582.5979713654033
959 638.8697456195481
960 612.3785844786096
961 590.3979986625379
962 584.9307848521619
963 589.3046415268834
964 559.1259935389471
965 563.5497490156016
966 609.6316017076066
967 626.8743003260473
968 607.8746770375303
969 609.4948235660281
970 580.0838029523197
971 613.2529487815881
972 569.0979787294935
973 599.0480565151108
974 566.1172922695988
975 593.2870229219382
976 553.7689814142717
977 557.1780054488001
978 575.822947877508
979 591.7250763773011
980 577.8391714831514
981 572.4510607175232
982 587.8901299981862
983 592.0693927356408
984 608.6768287141338
985 627.558916922146
986 628.8335051283964
987 675.4142702550917
988 681.9048457583514
989 530.4721583481505
990 549.6452199077593
991 558.5907221538331
992 629.4413640341157
993 639.0713004720159
994 598.8833427383328
995 549.2920084991363
996 578.148216859721
997 703.863961269825
998 671.5546204717315
999 642.1068039992152
1000 700.2329483245962
