1 95.2180606078168
2 307.526693677811
3 52.75269366279618
4 104.94464975990573
5 83.4093160875074
6 60.51650998812707
7 103.8818931263362
8 66.26823176857172
9 76.74237054058446
10 78.75747791394964
11 85.72038223472742
12 49.79503429020495
13 118.60709185229913
14 55.03836197389922
15 81.07427750292088
16 74.90006819494957
17 103.55276491748707
18 77.89346443688282
19 145.90679273718902
20 83.4054358473751
21 105.97075224590562
22 156.7970458045
23 98.52134691354931
24 85.01110984085744
25 114.148708258165
26 69.55609938163735
27 78.49715958051344
28 313.9627651683995
29 108.39955723132589
30 163.84844466016025
31 59.039832122278625
32 78.19018285010962
33 74.66824965435015
34 134.4501661272475
35 92.87298550699377
36 122.83010228431625
37 88.81438012767313
38 79.12720482433238
39 91.3829321547575
40 55.96641985773957
41 134.6237521653772
42 78.78004882810775
43 109.14137449416333
44 145.7265071490644
45 117.04789471097311
46 66.63934309447419
47 68.41469155146368
48 55.814457523494944
49 76.11695756088903
50 99.31552733196837
51 55.09785279168176
52 87.94579766186365
53 110.17731097329448
54 94.32029585026865
55 173.3884576252348
56 92.06277860716968
57 79.75976096768522
58 74.20509439045233
59 105.04541475141403
60 77.54787012211023
61 95.08137032341622
62 108.40738132732295
63 69.71241338825934
64 76.51545263066048
65 93.09642612839524
66 75.19099304841775
67 126.58161562802012
68 85.14742478394403
69 69.95857780629593
70 94.15991396967904
71 93.03273368076825
72 152.97152620127008
73 101.58966144270516
74 79.33305473587332
75 63.156812805191834
76 59.599324477370416
77 163.62932987770157
78 58.1343733008779
79 76.16190261661559
80 80.10340064155947
81 79.1458013003454
82 186.03125622377075
83 76.23955097677599
84 92.75745683254804
85 82.91721084801969
86 59.23203108379651
87 106.47291442168624
88 56.282427864913664
89 93.96872102193797
90 76.63073923855235
91 63.8953636191388
92 95.29727288584938
93 60.24602507531167
94 288.4675497221071
95 84.551496187946
96 96.21237714346063
97 142.87420233725103
98 135.6171924275827
99 119.85547580532138
100 66.23882627560283
101 72.07272335750109
102 95.35191601358909
103 82.20430112879038
104 109.93629314699183
105 151.7049965915959
106 187.99022644064263
107 67.13818826577372
108 86.65065377667246
109 218.18056767971547
110 83.00321715961154
111 85.4175523201908
112 181.18884403196077
113 128.92762191356084
114 99.92656204784753
115 131.12396320520574
116 109.60427652119795
117 74.35874093129931
118 103.1666802578896
119 125.41243096131288
120 82.8219532691106
121 182.05186082855496
122 155.67528353351705
123 168.3596896287886
124 81.49759859963463
125 115.45044615230324
126 178.6638670857117
127 85.79042336416873
128 144.63037279828075
129 81.59794034883816
130 95.12095174123186
131 107.53683123338531
132 59.31511857864087
133 82.18488536682078
134 73.41860427066156
135 120.6194520093286
136 118.55265420556519
137 62.277717984199796
138 330.5807931963246
139 139.02084747593852
140 48.76038109982397
141 149.848647734054
142 71.59731428008251
143 86.12353550697296
144 124.37080661157012
145 194.78819596472073
146 73.52848025705886
147 93.34434380765285
148 107.1777466596553
149 95.04271160848991
150 75.40809789514152
151 161.1535313456127
152 117.50054571883125
153 125.5589469875234
154 108.79613773862262
155 135.5814425811378
156 128.4087539013034
157 63.92615988983838
158 104.49089098156547
159 104.58998986655467
160 83.64153747911644
161 83.68054265289439
162 64.24673681344763
163 77.31041286234456
164 76.47451505655285
165 47.65360946606429
166 115.1628624725888
167 53.91260309889089
168 88.14036834913492
169 58.11173025581204
170 118.38068163034669
171 87.48842581504044
172 104.5611429390094
173 88.46964298354055
174 82.99004724407546
175 59.55248058989505
176 73.97038829790054
177 119.34098039758467
178 53.27425887177915
179 69.96328334001767
180 73.50860283443409
181 136.71722375476634
182 98.95133449583508
183 171.46835447213357
184 94.86553413883861
185 130.2545444169836
186 100.51680968592274
187 93.23701183462425
188 86.06353484310272
189 110.08119146776279
190 69.86635347477589
191 179.34076401802946
192 107.5447957364935
193 72.96253519156113
194 51.43019882024084
195 85.27076884678877
196 78.07755979116521
197 79.63359895560845
198 91.46367371529074
199 85.80725416526823
200 88.26083923856262
201 68.05361399886554
202 151.38753237248636
203 124.23440009175553
204 87.89109177725081
205 94.10540496848095
206 88.46579517628263
207 71.63476016966459
208 89.75585833503196
209 69.8386854227711
210 194.03068035510648
211 131.47925068789903
212 145.2398372197284
213 78.94023392217059
214 89.13805567208506
215 298.5298413735947
216 96.96890179785287
217 51.97868720823443
218 124.79045219863451
219 93.60014025865452
220 85.98505142811663
221 67.37045388419706
222 63.34434533297332
223 61.46472476791392
224 89.13531455265583
225 119.10353189576512
226 82.42197439003797
227 66.57603307476926
228 139.46637622963215
229 78.64746748818273
230 128.73194693063178
231 78.815462477949
232 295.662744110121
233 79.9548398906521
234 135.79524294157034
235 63.489570153677
236 254.59843049631104
237 66.8087423026083
238 82.13036740468954
239 118.95776613408691
240 131.6103474735827
241 112.75411407499992
242 72.62058019098443
243 67.81259645117157
244 95.18988874196937
245 85.8677147111613
246 88.30124963312588
247 240.0954594337785
248 72.83013895849794
249 108.68500679052264
250 122.02689596586751
251 650.3550699913368
252 117.33076980043636
253 48.18093129813866
254 152.90328970788224
255 95.98929388596257
256 83.83305817696728
257 65.80722436583889
258 150.20256796932713
259 145.43221277936613
260 66.36143505656115
261 74.34424211197542
262 128.267860138513
263 148.50601101016753
264 85.98302608820286
265 86.70057225798126
266 120.77455853759753
267 82.70945179329136
268 76.73720515479765
269 70.37335108558034
270 169.40807487188886
271 97.05302082692005
272 144.43870538557522
273 140.4928670490171
274 94.61401790815388
275 72.66005740147016
276 88.17584529207946
277 73.88453352129312
278 94.86066379205927
279 78.87084566359337
280 192.43630924801565
281 86.02490486565499
282 89.6821505886546
283 90.49433775290316
284 84.4298039490413
285 140.47474773902997
286 134.00905719219386
287 86.43108745904647
288 105.76988963790667
289 157.89928894337305
290 109.55907189066706
291 100.32359264058798
292 115.69653946007591
293 64.37283252411125
294 124.72646448672903
295 48.14630080406546
296 277.57124924010157
297 75.09482297599925
298 218.91466229043056
299 144.94739900139103
300 100.63490516421055
301 72.02979275788405
302 80.47799701218293
303 66.45753918302844
304 69.53149923176274
305 134.17356015867855
306 94.05157690966601
307 87.60720278583148
308 95.5256346011041
309 128.03793351900302
310 62.793849921392436
311 111.2035747555611
312 157.2374374621811
313 113.16931060547918
314 104.51483057598111
315 128.4448897873867
316 97.82904732895874
317 89.23931814545622
318 87.70447307524691
319 90.40945075411693
320 132.00401621049724
321 113.27300358899186
322 210.21503385954549
323 166.12358702565183
324 87.95660295852362
325 260.43288901960506
326 158.76303281249048
327 281.7147168354194
328 182.0155002464051
329 95.53530783947778
330 107.23151167880012
331 95.39740381378418
332 72.50924643136366
333 66.81439341725554
334 78.77627817469241
335 54.304573717668845
336 91.7498551913724
337 100.01149201337773
338 56.37576297153511
339 83.40542165886148
340 175.08912515707195
341 201.42420678736477
342 101.5716697347564
343 70.71153138416614
344 106.79385188904682
345 48.03838989367615
346 117.83296704542138
347 92.17459228821224
348 128.49280928360957
349 93.59918437735
350 116.00038543494523
351 148.62516290957774
352 63.9420183076994
353 89.51787206353569
354 247.74927133850724
355 97.07248158052518
356 96.92608148364698
357 78.86454583014984
358 85.7855735883048
359 67.57732749720513
360 195.55787432611132
361 170.34039380593111
362 84.247907036766
363 109.68038225987185
364 73.37858188474206
365 71.32047940266227
366 104.86815552458685
367 100.69845373209861
368 60.54523346743917
369 136.93510663372808
370 221.8722252684363
371 126.86528067383999
372 260.87214685355724
373 120.60838961945848
374 91.88260432910344
375 108.95440878070372
376 84.76801465158293
377 89.11213464981648
378 130.92070290460262
379 100.07408812201703
380 108.19106926117418
381 84.75024335295414
382 135.21735041272797
383 114.38393313419931
384 155.9536750116589
385 110.43473951934048
386 129.2027486958626
387 86.69770287959656
388 53.67186015796393
389 84.54806362916118
390 90.65421921099279
391 159.11448675893388
392 107.08794938276735
393 173.48931642992304
394 140.05581018613063
395 78.04355131056104
396 74.55479006249008
397 65.36589376249927
398 109.4056073021685
399 100.35460551805599
400 68.50428977143747
401 75.37064895217488
402 83.15605928956151
403 130.97788131214998
404 92.9827775943586
405 178.99689701698722
406 66.84262832676855
407 94.7656501141339
408 137.83903325774654
409 72.92464509458128
410 113.38325543867255
411 91.88100448134861
412 171.5430850323476
413 113.81939994999318
414 152.93173694434927
415 96.61806707177952
416 70.33414602221548
417 157.47018354833713
418 148.3591816476905
419 68.59569912879324
420 52.782578788257325
421 86.11924109901395
422 179.9655194380307
423 232.7243102723847
424 64.20419537250179
425 61.97523476947096
426 94.42459376568345
427 61.40620686894559
428 226.6399855517402
429 125.364886480057
430 174.2625799755595
431 131.78345038155769
432 114.9962473214336
433 98.72152508474885
434 107.02895241098719
435 69.71830980431864
436 63.35410697147585
437 89.77528544605244
438 131.4477529106036
439 89.80863783134573
440 188.70772872890907
441 93.81423862559997
442 192.43912467338018
443 72.76344688055511
444 152.86598937623145
445 95.06583347031928
446 80.88960661921604
447 74.86776495369158
448 129.58389723802134
449 97.39474327535986
450 109.84252749392637
451 65.54504381755807
452 66.17164267515368
453 120.87892119450629
454 58.65456180208675
455 78.92081397945263
456 96.21111040419845
457 76.04016038333612
458 94.10286251875304
459 154.45176518903745
460 109.88926407680151
461 139.36085868826444
462 125.77982626591732
463 57.770634885746965
464 62.11806198255698
465 118.41172211482737
466 132.34538171038093
467 113.48809320740034
468 105.46930918581063
469 74.79343933808346
470 152.17236914978727
471 50.605044691274244
472 220.5853926888043
473 70.18390319917155
474 99.07265678931952
475 91.28428006611267
476 112.26971417786477
477 95.52677321006011
478 78.47548871456704
479 53.398811685233404
480 120.05979285258667
481 132.74032439756732
482 82.64359821083829
483 85.71192165091492
484 95.77504489817508
485 161.8195551136203
486 74.87597110599184
487 78.55584394139524
488 138.9250408051715
489 144.08792368242618
490 105.76722607209086
491 56.91084379276846
492 110.87312635465076
493 75.01775843910929
494 78.30018454293838
495 92.53499985867234
496 116.23889810366212
497 71.97292006276972
498 143.61442216211856
499 189.05430089932352
500 96.39624943507381
501 107.26207435920325
502 74.01694079829532
503 195.83732451644272
504 76.14920304206204
505 98.71974685178088
506 132.47559756872653
507 46.457151535006886
508 167.60412132499292
509 108.6165412078638
510 118.24629917071407
511 122.47044675977173
512 78.97767399665354
513 110.4552616669399
514 77.8562587786887
515 77.45145780645157
516 198.69639928684626
517 60.58075619202961
518 81.67816328477537
519 180.6895780965891
520 57.12966114492804
521 79.00657790742581
522 151.63268036472758
523 128.70361628510022
524 72.26967137504022
525 65.43319756850155
526 210.880599724547
527 89.78395289629252
528 146.2838275668371
529 79.68114064741977
530 84.37082009091549
531 80.568294158552
532 137.12199611751117
533 76.24034797109103
534 94.44912961771635
535 69.49675714000324
536 64.00171311634737
537 100.99519478239905
538 115.24747648943779
539 192.11054646483325
540 102.03042343786173
541 104.69297281586911
542 124.48073185532469
543 66.37726879438169
544 94.811331747957
545 54.92576254655472
546 87.79877210874679
547 91.86016567677476
548 84.45707501390758
549 72.40152814003876
550 79.35171381152377
551 78.1181604979171
552 76.34210104713097
553 121.41368381054416
554 106.64100947360822
555 57.19173710722923
556 103.56583938474768
557 114.36517853374527
558 115.15835391120791
559 102.64769784132127
560 117.77884710250895
561 175.3958637390142
562 82.21254854430951
563 141.82052121080667
564 66.7451705492744
565 129.0351530537138
566 71.25351032527898
567 90.19962303897648
568 132.27502911846358
569 117.29267040872823
570 214.95885591931744
571 63.26632211622389
572 64.10272394381472
573 86.71582000242346
574 100.27316881225673
575 126.05011480789526
576 135.7963170032149
577 60.697762558202015
578 121.5585152212658
579 182.74739244382175
580 120.56715912444007
581 133.19481413713575
582 83.60439683971495
583 159.7987440580079
584 160.318526304583
585 155.52853088750706
586 212.99120011312834
587 126.35236302965545
588 64.40199504707749
589 85.33288179437636
590 151.0655561082299
591 61.14513613653475
592 98.05139379025672
593 116.08721375032488
594 89.06945365396973
595 74.85631910877397
596 129.5499508107437
597 173.30782274050392
598 123.19081898330727
599 154.19324205334186
600 118.40265888785532
601 129.79653404347312
602 110.97317034845507
603 81.47774041154824
604 124.90985173689397
605 82.2811180001255
606 83.30945277537113
607 62.70924259865945
608 76.13818381121489
609 116.07665251992064
610 72.32007447977247
611 84.3297588710142
612 52.23393647307271
613 135.41706227445096
614 103.85353394016833
615 112.66961446402813
616 67.45545747579122
617 67.453033998422
618 109.62883137793081
619 65.91461291669194
620 117.41470032382665
621 128.61516097542355
622 88.37915168090126
623 44.9463287872536
624 121.18455147931073
625 98.7771913485419
626 75.66715152128329
627 148.74979296649698
628 131.2981872699499
629 116.88983420939253
630 164.1315816833214
631 74.40119106127037
632 147.43820394456088
633 50.24329867118312
634 95.26622855495695
635 63.17312917648344
636 74.60382509274407
637 153.21174370959213
638 104.58069500042058
639 78.8758820124152
640 100.07113370952031
641 157.63217797217987
642 94.09805464305565
643 60.83291269652192
644 147.0828998714419
645 75.1063550329059
646 83.17115790630116
647 114.3331452503268
648 112.49794696707845
649 63.53174543013668
650 167.29432102145716
651 76.18026460358364
652 119.04163758029839
653 91.42554257212018
654 58.577574943948626
655 271.53076157479893
656 200.62770971231222
657 235.39954864368747
658 177.32996780585142
659 77.87647433770316
660 91.56816589160515
661 75.58846423385148
662 60.765682024501245
663 79.34594584757974
664 158.55867880518838
665 70.52563260340628
666 72.15570835205884
667 86.6780880215176
668 62.498319411710305
669 105.96022029646967
670 128.27667851034667
671 294.19154948527796
672 145.5101183336503
673 165.8813215916285
674 89.85333175207579
675 72.01724632638305
676 71.96603694999062
677 205.2555648055752
678 115.47777708929739
679 67.1018162185836
680 71.33040995210496
681 206.1203734755469
682 120.55071219835861
683 83.18198741399107
684 78.38915958305726
685 143.88979942806574
686 100.57125091201799
687 75.68295173936244
688 102.48995322526986
689 153.68715614428532
690 192.79466711313313
691 96.12764072639106
692 87.37448016024395
693 96.3300293700887
694 99.46490300517279
695 87.11624869090231
696 216.45602747479086
697 70.15624295318729
698 279.8750095841173
699 75.97807595381633
700 84.00557789769799
701 95.14610385544665
702 90.79543056282112
703 86.25051278505948
704 106.08537824486038
705 76.67788745652574
706 155.53110193386686
707 143.73296451025874
708 108.94654669848865
709 236.2816235222781
710 67.00638250741987
711 61.2260956344785
712 77.25673893917579
713 124.9529993752334
714 160.34708454159946
715 78.63378903927305
716 108.46451125976553
717 116.44208989511507
718 169.64420056874607
719 77.92450942062608
720 68.70621689706014
721 62.039434790602535
722 185.3400627559218
723 58.61895783313317
724 129.10975728070102
725 59.798434408766774
726 216.42814898320555
727 67.90878242610457
728 88.94055824419254
729 106.43207555436757
730 97.414038967268
731 111.4608383991249
732 96.39294507308233
733 80.87217201311934
734 136.89750706010452
735 57.378094748471284
736 103.76894276272844
737 90.92704110762055
738 189.17317512282398
739 100.35149909695174
740 196.04769701259323
741 140.00018344970013
742 73.92499856498503
743 88.32354558014343
744 92.30311646639639
745 95.33222670561825
746 48.65982532286596
747 174.97639633444172
748 93.19034122975609
749 69.54299664817418
750 123.40276677403423
751 81.12634480979348
752 174.32981076110565
753 196.09250474752375
754 66.17090834115696
755 97.28611219376194
756 113.76542110336302
757 120.21202585392876
758 172.72552119308142
759 61.679618486745476
760 72.43641209789541
761 77.3916866956571
762 51.75839106144219
763 120.48885375714131
764 77.62106204469714
765 57.998067243387716
766 237.35829724833425
767 100.91251371255615
768 48.982825282879375
769 70.66111723291928
770 169.96548293887108
771 85.48260887871088
772 94.89032628443293
773 103.85665737274944
774 112.08426877746886
775 80.05404254678018
776 109.61196777109069
777 109.88754908166753
778 193.33717459708134
779 50.077852996727835
780 71.19168165192244
781 187.15367073014303
782 80.95963976496147
783 91.84691890725661
784 96.03234885380905
785 109.53171776053799
786 112.61622333615972
787 94.31194098071245
788 101.70467997601251
789 65.4647558596632
790 133.57265239796763
791 113.13632658166715
792 204.85736748247794
793 60.11475534956909
794 79.14800929011824
795 70.94585596210338
796 70.0471804952313
797 74.70780430924788
798 83.96603334934315
799 71.53991197170913
800 102.65997223109795
801 74.14142619983933
802 80.3785131749681
803 140.42415118678525
804 86.87708903573366
805 154.43543982800296
806 98.11432104086917
807 154.06621270985207
808 54.628980288409466
809 98.63203683511598
810 61.21536948701269
811 211.70032750897442
812 222.96621654091612
813 141.52084317170053
814 102.46527961960606
815 100.96817719125883
816 90.1228030756326
817 76.87029183647186
818 89.44137458791347
819 110.12866287937473
820 133.15489586469218
821 79.28131960750814
822 123.97226781261827
823 87.25249471426734
824 76.63883539596033
825 75.96798981816154
826 109.60750334118377
827 157.55171119755556
828 255.8677151170288
829 188.6803142201444
830 160.6014097659892
831 72.92218057434532
832 159.68857108457792
833 61.57727671200256
834 66.98821566313762
835 130.85864430118636
836 148.60238490164528
837 103.0990311307458
838 87.54584459134558
839 80.27450013170272
840 69.77536194340993
841 68.1743277790611
842 112.41691051109798
843 73.18819643413919
844 95.695438895256
845 305.37222883242555
846 75.46726523345033
847 146.86417880024425
848 72.204629053472
849 133.34493526423086
850 105.56965225563509
851 103.68153291788614
852 147.47081466995405
853 180.22150533397934
854 195.46119130220364
855 71.27729012836951
856 159.19251847236188
857 73.0192506530047
858 55.172059301002825
859 103.26331622227985
860 115.22475966838932
861 111.00346286490648
862 69.27121345863135
863 67.77653819067972
864 71.47982561952954
865 72.75310195560635
866 92.08307240486755
867 96.24399879691573
868 125.98838783552016
869 73.13479436378059
870 58.42205088672685
871 57.555305232032715
872 89.6402640764972
873 107.49054025011725
874 78.65101240617449
875 83.23490176220976
876 92.2040532300853
877 82.9902826310516
878 100.61328180578415
879 64.02260249007938
880 65.52245991953674
881 77.45608655000467
882 92.98658792457496
883 64.14073180289775
884 138.22421715857217
885 141.93328795055646
886 86.53905064477846
887 149.69882941795075
888 79.56697073923063
889 96.3056606376562
890 221.21397468991051
891 114.7846506399968
892 93.25644245491397
893 74.58542786262612
894 85.30291966904741
895 52.88681027530315
896 74.14949492897289
897 182.375172944108
898 120.79586516563768
899 302.68192353909797
900 122.70806313308053
901 63.21509597914561
902 73.75337977709043
903 79.02443976564336
904 87.29120300830714
905 72.81073328965937
906 98.33317734991894
907 90.72583025636739
908 111.62558932839653
909 79.18831342809828
910 156.71668080558413
911 111.91011937203547
912 83.02325875870802
913 174.42829752381604
914 57.564593016922856
915 121.98285301248762
916 370.42225285278056
917 220.9109332250993
918 64.17268615514585
919 64.94718133795813
920 171.3951298530923
921 74.83523082195678
922 67.31129478828582
923 89.82649094422125
924 67.90500063994288
925 58.667710444460134
926 136.28632507261187
927 103.59419224430735
928 81.38216260438661
929 55.76873742145553
930 105.01259198541722
931 77.34958628189327
932 187.18478974907237
933 110.47384037101295
934 95.81897383216031
935 76.26489065720492
936 203.38419450585394
937 151.29451895036425
938 70.53006542012601
939 73.60019641913122
940 67.3234803573347
941 80.87008212365373
942 103.55526400544697
943 463.34146412998166
944 128.64540497319354
945 80.44895924081817
946 101.09171895484661
947 72.77988434050573
948 74.05415012712557
949 175.56812344845673
950 142.75115194329564
951 148.46046728570045
952 106.79326208717735
953 103.20196139221932
954 66.81043661560437
955 112.97759634799843
956 82.06189542406197
957 100.58419737655747
958 78.24795004293871
959 157.05668768848187
960 109.07282201812001
961 106.37026216321217
962 91.7946104301676
963 99.71158405007948
964 74.27199596912243
965 67.89932142307288
966 121.9932586185151
967 138.70057262355104
968 113.69772611332448
969 121.90573528409966
970 84.8395706277592
971 122.80648815326715
972 72.9702011017752
973 104.2019601220487
974 72.37868690182488
975 93.41071630972002
976 63.702143347703775
977 64.07293450790776
978 78.17188958806142
979 103.28740132326591
980 90.82411989928595
981 84.97678456690113
982 90.00052806204455
983 100.23352288160898
984 119.0817144648984
985 131.51212992041997
986 138.70462288431082
987 182.54021485113125
988 195.17584920881177
989 53.583685170608156
990 62.435962578041554
991 64.71145430798084
992 151.14372773673622
993 141.47801181045037
994 101.50974982918196
995 53.87652178993922
996 83.80982943125372
997 194.19458810336735
998 177.78756832723803
999 147.8592088911347
1000 205.3419283692368
