1 559.1360754279588
2 556.8269931308597
3 525.9637595308753
4 546.2545562418303
5 537.464803849124
6 724.0470421103822
7 527.3322404852438
8 547.2463953143736
9 541.7923527912989
10 536.3156552822205
11 545.6234792336978
12 545.5135629938172
13 567.791330619498
14 551.5111976870396
15 579.7766289978131
16 557.3606309445481
17 589.6201919779216
18 535.1895364793796
19 608.8506255827912
20 553.4810051150929
21 543.3893945625184
22 541.9074599202302
23 590.6214115520186
24 578.164677238465
25 558.6025687233991
26 556.1974246030237
27 539.6398863332362
28 533.4404903599142
29 540.2865080294969
30 530.5379107351037
31 555.0044980861292
32 544.637077889808
33 585.2592446012366
34 611.8267125887189
35 532.2312386618711
36 562.4529667831678
37 541.3190399153034
38 564.0539352009077
39 538.0117119877943
40 548.7283408234775
41 539.7484790859618
42 525.8775836146067
43 526.2405135624067
44 555.6489478058852
45 582.6868966733655
46 553.0822140524309
47 536.6895977442555
48 540.6262115604314
49 561.5881229768904
50 594.4768174396063
51 541.3169927838647
52 530.2952417635179
53 551.5602212041988
54 550.0747062104135
55 564.2630386857143
56 561.9072019787094
57 542.9271410602572
58 541.0784151035809
59 525.3742961561254
60 583.4590686152192
61 559.8522169310396
62 556.8719946389017
63 558.575827661302
64 556.594460380589
65 553.9666363326423
66 536.8958122771345
67 549.6810031195632
68 539.2719683175592
69 551.7913252039438
70 565.3744640323815
71 559.4514898453004
72 556.1617090446003
73 556.129751250907
74 555.6906254392029
75 540.0612370136122
76 570.6767416281646
77 555.0279199303787
78 552.8987387394839
79 530.4611838521254
80 542.038189406651
81 558.06623636429
82 531.0272059405658
83 557.7482202132353
84 532.7650147073875
85 569.3391379902056
86 591.7964325567629
87 536.0324462567899
88 550.7499693559197
89 542.8521711358273
90 508.22487123467863
91 536.0078877709728
92 547.4092423756791
93 546.6682423806691
94 552.1978999400905
95 584.4534626770167
96 558.2992396848356
97 571.1162674996523
98 553.1944806902484
99 556.4651416586622
100 635.2491789432398
101 542.2849425323803
102 531.6830331604298
103 584.8518440755436
104 551.1385806224453
105 530.9142512422032
106 606.2560078268174
107 554.9587030652074
108 541.1291244854408
109 547.9459375414259
110 563.6803191630477
111 549.2330190160321
112 591.8464191734063
113 567.5981770476413
114 565.0493017841636
115 554.2361174772857
116 534.7776146430563
117 553.0640641813719
118 543.4569609155077
119 526.9200553670305
120 545.7788316771921
121 518.7908803943927
122 550.7830880946461
123 595.825215937673
124 542.2951281431843
125 532.2486340746165
126 547.6353085669728
127 554.2723694205353
128 559.6175812850393
129 539.0120563864137
130 542.694352149696
131 538.2216732328827
132 562.3481882169629
133 552.8208613189488
134 540.0674038355588
135 540.5268737411543
136 549.0938389930371
137 572.1176078395077
138 554.1798893306886
139 567.7582889540561
140 552.0925616933284
141 547.5741383930238
142 567.3177308955512
143 533.7660769942496
144 548.7434292486213
145 569.2986092214267
146 565.9436798296151
147 541.9373777215776
148 584.3068134361496
149 545.9429838046965
150 536.6539810804023
151 533.0455410016586
152 588.58096989763
153 545.052279751816
154 544.3726448515146
155 529.5496107007593
156 551.5551145682512
157 522.4344465397786
158 534.147512759483
159 610.8852410875135
160 541.7686896726866
161 551.2642093792664
162 535.0625541718257
163 668.3463262945633
164 553.5776739371539
165 537.6525066967113
166 561.333604362382
167 545.0598028538876
168 562.4422004857233
169 532.1694821020981
170 571.8721901341972
171 559.8654592688127
172 549.0621745493888
173 538.6592903245677
174 641.2434028351219
175 539.6913288127564
176 555.7505509953686
177 535.8996958593975
178 555.1409176497907
179 550.3201869405523
180 593.216457069004
181 534.2067018925692
182 536.8618915099668
183 536.4252265051301
184 563.7932927065402
185 524.0174811776146
186 555.3380447431585
187 580.9206690483602
188 551.887953164385
189 573.6616569196295
190 538.6341352139553
191 552.9297358134312
192 570.1495528271251
193 552.7002889327621
194 569.6117927461788
195 596.4017982556923
196 524.9526605241015
197 561.827475858878
198 574.3694071755467
199 554.3229767963296
200 538.5892650959206
201 579.570525450691
202 608.2277025521378
203 549.3225565042916
204 553.3830711395632
205 532.664107699133
206 530.9622380724902
207 612.1060899085137
208 609.6564196012571
209 570.1304738028252
210 525.2907137260414
211 543.6192075492373
212 541.7540241146527
213 548.787697398687
214 551.4042003435999
215 555.430574138138
216 538.2003891070847
217 567.3344081700831
218 578.264934914649
219 544.7761906253711
220 717.2990561587434
221 525.2562358004825
222 581.1313048231663
223 527.8296516896197
224 567.1092601693441
225 552.6794133446783
226 526.5388443207411
227 558.0802395528237
228 578.6647705800688
229 559.5162296207329
230 531.0692026201023
231 526.2640255427153
232 588.2296739298445
233 557.4134476169181
234 587.7499310481912
235 548.72822651571
236 557.2220197956924
237 551.2233311168301
238 573.9951760816247
239 541.8155095860698
240 552.4907660674685
241 603.2720132317924
242 588.4426571561498
243 552.4022351848653
244 560.5476847907446
245 546.6427932516931
246 573.3690328927971
247 558.6086454124476
248 538.262140526403
249 538.4049658527687
250 549.776277898697
251 559.3234554084397
252 636.0486907153211
253 523.1465112671452
254 549.064412933421
255 554.3279596416572
256 547.4214765184886
257 598.3239873324876
258 533.8646966730735
259 531.6900431233132
260 550.6732261104796
261 535.1972673384938
262 536.3777594402225
263 565.1923673167449
264 567.4493137060413
265 543.3187320831364
266 559.149244161457
267 598.401300628126
268 558.2708840331904
269 602.0472860136122
270 545.7663474951249
271 587.3844791099888
272 547.2952689301412
273 558.1658443683524
274 533.3942990427751
275 547.7123781833845
276 549.3789701477459
277 577.7568796458165
278 557.1626139739669
279 546.8748183041882
280 529.8344481029228
281 561.2384006790215
282 543.1272061546747
283 546.7698444764951
284 560.4243034937465
285 550.1704337225638
286 576.4758801903693
287 621.2759007748316
288 559.3998399945641
289 575.8347874062142
290 557.2211817117324
291 612.9033239100766
292 533.3137324452027
293 532.9374714832263
294 557.1156811829837
295 546.9042978682216
296 581.4804024671025
297 537.4479947154723
298 593.8880737644625
299 569.6108267943646
300 543.9180029774399
301 521.0611360710785
302 560.4065248323253
303 552.3704838222574
304 543.499950834685
305 547.2903336323116
306 527.9215206272889
307 529.3090613895245
308 575.5572835040953
309 547.942708674952
310 558.3715880000545
311 565.7468498778945
312 525.705022994089
313 593.9810877796506
314 548.642004472042
315 549.5698040452137
316 539.7604820502639
317 610.3223310999783
318 532.7430348504737
319 533.5248363736629
320 541.1647633173038
321 554.8460394258043
322 552.0833618398163
323 585.369751913263
324 513.7744368528375
325 542.1880555494229
326 587.4842091445892
327 543.4615302662789
328 551.1093924232407
329 549.037000251242
330 558.485770341103
331 530.9021524205101
332 535.1786223447767
333 533.7802353330328
334 557.7654864445987
335 571.6858498274601
336 551.0739890861304
337 564.7754329988459
338 550.8965256581084
339 553.5123090295621
340 534.8095120930386
341 562.5463130511085
342 552.8711008112876
343 533.4704950556301
344 548.9607534524399
345 555.8808364600852
346 578.411735644314
347 552.2158901121492
348 566.2732641561125
349 533.6433037670765
350 544.0269616560897
351 532.0212455586014
352 536.8503385310548
353 569.9743420199092
354 556.4579393718689
355 522.7446766801374
356 526.1743014671786
357 540.2463688383119
358 543.596104402453
359 556.411347758705
360 603.0988561551073
361 549.6686942092559
362 521.6596870273462
363 551.1692200072024
364 565.2714541366621
365 542.4946497213778
366 571.72228911826
367 530.7768319371035
368 541.1231532182143
369 565.5706361818169
370 567.9241427685498
371 546.3189991927759
372 700.5910893178342
373 574.327057671278
374 606.8097562246729
375 540.9427572408974
376 560.6151929833503
377 526.7775737280447
378 558.1734787541211
379 567.4751161802869
380 562.9827378504966
381 638.2978929872721
382 555.7575490694749
383 589.7243869199787
384 538.6439561354284
385 548.7999059133153
386 524.3562637158083
387 517.6577395104666
388 552.795760821294
389 539.3222533650124
390 539.1215114990591
391 548.3213428236721
392 532.337311691191
393 573.2959858725594
394 531.8129418515393
395 551.379592760176
396 550.4019333506886
397 548.3494862322973
398 547.4804320727874
399 547.2805047973209
400 583.4295930087072
401 562.1971574540507
402 540.6537448189817
403 565.1247469420624
404 548.0570372480391
405 552.075544943536
406 527.4939791588212
407 561.632582822586
408 566.0270590638256
409 562.5844278956693
410 546.772705662218
411 553.4118024522863
412 651.5059130828743
413 538.4557340855266
414 592.8039139902266
415 552.3403798619067
416 565.3450844154484
417 567.912545153854
418 539.0076334780424
419 580.7842448118121
420 524.0215673982447
421 578.6802673376715
422 544.7185524786153
423 553.8782460574371
424 557.1234773039452
425 542.4637243711727
426 542.8920001358432
427 548.7307453290135
428 543.8757863059357
429 576.2542442594537
430 587.5756942829096
431 541.3013588112595
432 563.039542582576
433 547.0173835753794
434 550.4579364001097
435 542.3963081470129
436 605.9735013751098
437 550.908530076543
438 553.4672498285951
439 560.4567506388657
440 546.4785962277555
441 527.3668129686233
442 578.914359913625
443 519.2157939431307
444 572.2026450551144
445 586.8978680613278
446 553.2392215580796
447 539.9059801486273
448 563.8399759108516
449 561.8403250559156
450 579.1709239263787
451 547.8583363598885
452 558.8874314902846
453 532.7957010850332
454 543.1681336938406
455 537.4721845330346
456 534.9983946333239
457 547.3627984754266
458 569.47210951159
459 562.6076049646437
460 571.8546172796994
461 545.2448242132687
462 557.0861986216329
463 562.5784234834331
464 564.5737932722777
465 623.377399418752
466 557.0174244148437
467 532.0641319496904
468 533.7518900808815
469 542.1714666510516
470 561.1752882626656
471 616.7107039737983
472 591.6979727365092
473 567.1304801568012
474 591.2698165966652
475 606.7178168734046
476 557.3827812027325
477 567.5223186712016
478 556.3728818871948
479 546.0243208175175
480 546.002490834571
481 568.1609665117232
482 543.693884720577
483 549.2455004990667
484 603.8551777496185
485 600.1138460857151
486 532.1879953394573
487 572.3844275054205
488 553.9470265033262
489 554.4458922119045
490 604.1172063034835
491 551.3160756041838
492 553.2158633122381
493 543.2061815405369
494 629.9212278478471
495 581.1705830146067
496 565.2697287432861
497 541.2361310618546
498 571.2413149225227
499 620.5383105030177
500 539.9473891130502
501 540.8214141795467
502 542.3309854992165
503 560.0690026211807
504 577.7034089726889
505 527.5526422266299
506 535.203340864246
507 529.5435955379947
508 632.8487761493188
509 545.058029223785
510 563.6846103533131
511 556.2686448488274
512 559.3128692331316
513 551.8917457088509
514 561.0588820906623
515 550.0918222507464
516 549.535142701771
517 534.731867326685
518 593.1046846105979
519 542.2763087988347
520 543.4074349481109
521 596.0232331767519
522 559.897777578155
523 543.1579283665204
524 518.1110389292436
525 568.2349458820174
526 560.6632648091017
527 547.5773906631902
528 554.0789102911498
529 567.284707994367
530 527.6551429341117
531 555.5441611351695
532 557.8270246057242
533 556.2602623685121
534 543.1101972795193
535 538.8319453447469
536 554.1393845233428
537 538.6370997515918
538 581.3139342541967
539 573.4212670554956
540 526.154074776739
541 558.808319699649
542 554.32925514548
543 548.9319312352181
544 548.1409305997714
545 561.5787478803335
546 539.3181135160412
547 557.9115974154713
548 645.3285369762224
549 551.4909438095133
550 542.5513340044016
551 553.2357890489326
552 548.2508483115112
553 550.6173717449345
554 537.5346006967287
555 553.0916190610991
556 540.7407832109919
557 570.3270771107477
558 542.4718078867796
559 570.9785965441878
560 575.1562671705393
561 535.1332606906918
562 532.2421075196147
563 628.9755489278527
564 537.8235505675198
565 531.5464415570705
566 530.7895053611626
567 532.080325177746
568 542.9656223790602
569 563.0279020170211
570 541.1756281153259
571 523.3503857141183
572 540.4714236682271
573 569.4265142869832
574 529.5734919243871
575 568.7059980952604
576 541.2067606043435
577 537.5666943200376
578 555.9677538604539
579 629.3485148398075
580 563.4255706033064
581 567.0073137270898
582 565.3673014642158
583 539.4037943933511
584 545.1978455673209
585 560.9694655753008
586 547.544924261148
587 538.9376311399474
588 537.290320288623
589 550.1518995466389
590 557.4487626260155
591 557.4653028762108
592 593.5497612667682
593 543.2150506936877
594 560.4339692346351
595 558.4537222338158
596 553.8792982856364
597 569.0279545423685
598 544.2221533453918
599 576.2424279989584
600 562.9854074414285
601 602.4091466354269
602 599.0676909699827
603 582.9284029848203
604 537.6869041880915
605 546.501325539669
606 536.5163948517868
607 561.8530561557117
608 542.3117900743864
609 537.1606456992306
610 535.4464916504596
611 558.6452368708528
612 614.5525722840955
613 539.745821953384
614 545.907080623433
615 559.5846634258952
616 541.7766733674277
617 531.3939484569613
618 529.0011745536001
619 557.0123801250828
620 554.0411419691069
621 539.5639291389873
622 626.8774657980065
623 531.2629631704007
624 569.1600136999012
625 625.6180720095788
626 540.2576220369973
627 550.2770910320163
628 542.4465324794887
629 545.8732265802272
630 539.4240138167542
631 540.4953189031141
632 565.7470036592233
633 545.197248815816
634 609.9306603907087
635 588.5387940022503
636 525.2378577168313
637 609.3261005540194
638 552.4280263696337
639 545.4128578657246
640 584.2944362921305
641 539.7258738965108
642 546.0333465887824
643 556.2242908860627
644 539.465691255355
645 573.4006976076498
646 556.0421594530394
647 535.4099966402086
648 537.8016583325928
649 561.6319343410212
650 601.0268844461893
651 569.8844840038504
652 550.3433840572897
653 561.4584482919299
654 561.825277594437
655 552.687788640835
656 529.596322514951
657 563.8417792922849
658 556.5325356838983
659 568.743721126927
660 559.1940467810791
661 539.1329603468961
662 561.5781400131436
663 525.0603137388632
664 561.2207214125735
665 548.1397297387268
666 548.3066489340806
667 551.1553088097759
668 559.2901113359746
669 635.3172939399169
670 540.5860328549841
671 548.2015516039033
672 569.4402701320415
673 545.6852314294482
674 554.2360831195369
675 560.2699911380748
676 532.7084173463845
677 541.9108705594085
678 545.1262232569156
679 524.9851947732401
680 536.2893428328078
681 565.7346148150015
682 571.0476788032704
683 535.3082760394166
684 551.9980880180516
685 545.9099685443047
686 539.499133135264
687 562.1812784533093
688 575.5850398743219
689 565.9829839682874
690 553.5329594102758
691 562.5648719586075
692 558.6300530427094
693 567.2429367293223
694 522.8006131642824
695 558.3313518012664
696 551.6616441052058
697 538.5146397772171
698 536.1021119668678
699 531.0952831035293
700 529.8780018632136
701 553.0318211111841
702 542.9784736883323
703 556.2564112723506
704 609.7045157144526
705 549.7004232897713
706 525.8256356912423
707 544.2938827382134
708 548.4959524405947
709 546.9193867136885
710 537.9134993882086
711 567.3739499163457
712 557.3623688606575
713 539.8229771279141
714 560.7905003958675
715 536.3808860539225
716 624.2125011325836
717 566.3196348307761
718 551.6685222309316
719 553.9408615139592
720 569.5731827061682
721 592.1428155268037
722 560.4739111518885
723 536.838599475634
724 553.4196673212233
725 540.3306206620167
726 569.6941868327359
727 607.4945867058229
728 529.0707865333292
729 552.0508095241947
730 605.6532946526593
731 546.6294279870093
732 545.7301584910203
733 549.6529147999394
734 542.0261620303841
735 551.20319707177
736 537.0846027792192
737 592.3202289182041
738 557.9715402085268
739 545.3721219843424
740 570.2226453986115
741 572.6269247404653
742 534.1786027635802
743 528.3645770809728
744 591.9392140810141
745 566.8456875193576
746 543.2776501438565
747 569.2749625595675
748 549.879972009924
749 562.96101986413
750 576.6783302087395
751 562.1789000252575
752 535.2856084091367
753 543.0477608764778
754 545.8333013085726
755 567.7030088873983
756 551.0444347198498
757 540.059699803976
758 667.9902256910074
759 568.7585287105161
760 543.299948035843
761 570.5137880066326
762 537.7043984009175
763 574.9168254864092
764 523.2046284632127
765 549.6690700055391
766 562.3094706932905
767 600.9051168508788
768 567.6723293135154
769 557.4701414870863
770 562.9444786170104
771 535.0977824770589
772 556.4124549807248
773 554.5815043201945
774 553.4814415946654
775 581.9628883657529
776 531.4297006316805
777 571.484982100024
778 570.6229409543256
779 567.2852525344625
780 562.9609604219729
781 556.2051086160063
782 555.8748405110284
783 530.8724104551145
784 557.7069069043375
785 526.1173728492126
786 563.1462353813326
787 514.4079245130232
788 602.4156615937615
789 535.9915116229047
790 546.2404495030397
791 541.4615351648001
792 576.4155116094087
793 567.6016807468499
794 595.9167224511773
795 538.5807681035441
796 581.0186465660665
797 530.0450266414254
798 543.8684248015469
799 553.3623949772343
800 549.727703842522
801 543.5353020260595
802 531.0179928868887
803 567.1285101671152
804 551.4462762847073
805 525.3461558568366
806 581.7811587440402
807 545.3751121530105
808 535.5134437423089
809 556.8828776755606
810 566.6120358325697
811 569.465541255334
812 544.0755018756381
813 565.9975923878604
814 566.456586344611
815 553.3484918491401
816 538.9696428854788
817 558.0109220544946
818 527.702303591613
819 609.3602988549125
820 550.7435165441684
821 572.2697112522588
822 549.166573626724
823 522.0183321942661
824 555.3622267501108
825 557.3830715293859
826 542.3769025871217
827 573.1857399838495
828 539.728275388321
829 538.0047327136281
830 552.6653249026358
831 554.4870604591495
832 539.7966613261209
833 543.5736303853627
834 547.7711707127268
835 554.0538908525751
836 539.6051638609372
837 566.8284615340455
838 566.4742694328922
839 533.2735962074416
840 547.5110172321276
841 605.6955906802351
842 538.7197762332144
843 538.612653812177
844 540.9641836354929
845 561.0705908416771
846 561.0207728165213
847 573.0474385190162
848 531.1534573117584
849 561.8842162393227
850 558.2296500074837
851 553.1353857513285
852 546.464714457236
853 551.543869800341
854 539.7760591518805
855 573.2715997947012
856 530.1749820255616
857 559.3928892578123
858 546.8347553201523
859 602.7088928302986
860 548.4041761971794
861 552.6850860549848
862 562.4314182869567
863 563.5896491730653
864 568.0274972003022
865 545.2156877217373
866 526.6868826837874
867 550.029176925489
868 556.1602563534091
869 550.7057021798648
870 530.2852400736606
871 541.2915913924579
872 553.1233822847126
873 536.4645882487894
874 527.0209634789563
875 529.8785407699623
876 543.4194341685804
877 536.6066342340816
878 533.6146378743847
879 533.5873655982441
880 540.8275935832773
881 548.7514325653926
882 543.4365617662561
883 606.621254074743
884 550.941564029662
885 593.6374404338377
886 548.7510101790699
887 541.1003393350359
888 529.8060943136421
889 557.5497094546705
890 540.8374573747556
891 541.159983133255
892 590.91958447328
893 554.0717170422325
894 549.4573558657411
895 578.324228873189
896 572.6127578518946
897 553.020790585189
898 552.6118643624815
899 595.3887866508894
900 537.3072695132032
901 553.6082720540232
902 533.3810615593583
903 537.0986622587948
904 567.7555740014371
905 533.4129605308004
906 529.9675160249042
907 550.492125097331
908 525.1339006173223
909 562.919484713392
910 558.0631065997351
911 555.1700640227012
912 526.7616842007002
913 538.376440250778
914 585.7864663585016
915 532.7979652759191
916 535.4478611715409
917 557.2568346646519
918 574.6869616588674
919 567.6281543928867
920 603.2389331937381
921 583.0157689014111
922 542.6220002298236
923 557.0568100418553
924 521.5221661206559
925 532.3651038388145
926 572.0559526015793
927 541.3133765406992
928 574.8669473073046
929 537.6388076689159
930 547.385891915642
931 544.0143598195118
932 586.2832331859732
933 572.0706218554953
934 572.0055026937323
935 565.7581090184606
936 543.5253794529766
937 559.9828274372239
938 529.6850721527009
939 541.1918954707513
940 602.3821050900657
941 532.3288089271971
942 553.7444553911931
943 541.2626363658281
944 543.3092060587048
945 540.5061734093285
946 554.5904715703772
947 553.4680535980708
948 563.0353678035074
949 546.9886540922645
950 535.4798547558499
951 529.0223345836466
952 549.7305723663825
953 527.0824758709698
954 533.0848268986737
955 562.2101763136928
956 530.3918696067002
957 592.6331519273601
958 555.4188073118808
959 561.6660374645674
960 546.799171426005
961 555.184715550258
962 543.3979966057976
963 561.058372708952
964 531.7044524506733
965 535.6466316242131
966 551.3350127974434
967 545.414095618684
968 555.1036766407249
969 529.2890321022804
970 545.6411744934499
971 526.7569648335904
972 553.3691828221542
973 536.9610436695002
974 590.4913261784146
975 579.331810123437
976 558.9673243629537
977 636.0773438658995
978 594.892104604078
979 578.4813066832918
980 559.8941221902085
981 544.3483212930594
982 553.6530583789037
983 535.8710266841543
984 548.8437197229329
985 600.0499199662195
986 539.2814238063113
987 587.3959022494427
988 533.7687031074059
989 535.1903653385234
990 553.5416147771955
991 543.7801659992884
992 552.0357840656667
993 563.3635818079223
994 536.4884591976913
995 580.3887510024201
996 576.8407674593266
997 553.7602256525237
998 565.3379873910546
999 534.5664852302033
1000 571.3653718715228
