1 0.0036003600360036
2 0.02512562814070352
3 0.0
4 0.0
5 0.0
6 0.1476826394344069
7 0.0
8 0.0
9 0.0
10 0.0
11 0.0
12 0.0021929824561403508
13 0.01256281407035176
14 0.0
15 0.0353356890459364
16 0.018783542039355994
17 0.029411764705882353
18 0.0
19 0.07951807228915662
20 0.0
21 0.00411522633744856
22 0.0
23 0.035269709543568464
24 0.057947019867549666
25 0.0
26 0.0
27 0.0
28 0.0
29 0.0
30 0.0
31 0.004826254826254826
32 0.0
33 0.01049317943336831
34 0.048239895697522815
35 0.0
36 0.005405405405405406
37 0.0
38 0.0
39 0.0
40 0.0
41 0.0
42 0.0
43 0.0
44 0.0
45 0.023474178403755867
46 0.0
47 0.0
48 0.0
49 0.0
50 0.06413301662707839
51 0.0
52 0.0
53 0.003629764065335753
54 0.0
55 0.015337423312883436
56 0.0
57 0.0
58 0.0
59 0.0
60 0.021052631578947368
61 0.0
62 0.002758620689655172
63 0.0
64 0.0
65 0.0
66 0.0
67 0.0
68 0.0
69 0.0012106537530266344
70 0.0
71 0.0
72 0.0013227513227513227
73 0.0
74 0.012012012012012012
75 0.0
76 0.004305705059203444
77 0.002074688796680498
78 0.0
79 0.0
80 0.0049261083743842365
81 0.0
82 0.007471980074719801
83 0.0
84 0.0
85 0.004545454545454545
86 0.09915014164305949
87 0.0
88 0.0
89 0.0
90 0.0035778175313059034
91 0.0
92 0.0
93 0.0
94 0.0
95 0.015209125475285171
96 0.004604051565377533
97 0.03264417845484222
98 0.0
99 0.0
100 0.07757805108798486
101 0.0
102 0.0
103 0.029015544041450778
104 0.0
105 0.0
106 0.05531914893617021
107 0.0
108 0.0
109 0.003857280617164899
110 0.001272264631043257
111 0.0
112 0.011702127659574468
113 0.009202453987730062
114 0.0
115 0.0
116 0.0
117 0.0
118 0.0
119 0.0
120 0.011185682326621925
121 0.0
122 0.016835016835016835
123 0.0314410480349345
124 0.0
125 0.0033112582781456954
126 0.004987531172069825
127 0.006920415224913495
128 0.0
129 0.0
130 0.046822742474916385
131 0.0
132 0.004576659038901602
133 0.0
134 0.0
135 0.0
136 0.0
137 0.022269353128313893
138 0.0012422360248447205
139 0.0
140 0.0013175230566534915
141 0.011428571428571429
142 0.0
143 0.0
144 0.022922636103151862
145 0.0054466230936819175
146 0.060810810810810814
147 0.005263157894736842
148 0.09795918367346938
149 0.0
150 0.0
151 0.0
152 0.006065857885615251
153 0.0
154 0.0
155 0.0
156 0.0
157 0.0
158 0.0
159 0.07290533188248095
160 0.0
161 0.0
162 0.0
163 0.1426978818283166
164 0.0
165 0.0
166 0.007561436672967864
167 0.0
168 0.05263157894736842
169 0.0
170 0.024390243902439025
171 0.004615384615384616
172 0.032432432432432434
173 0.0
174 0.08153241650294696
175 0.006322444678609062
176 0.0
177 0.0
178 0.0014367816091954023
179 0.0
180 0.024612579762989972
181 0.0
182 0.0
183 0.0
184 0.0
185 0.0
186 0.0021119324181626186
187 0.031190926275992438
188 0.0488997555012225
189 0.01245753114382786
190 0.007543103448275862
191 0.0
192 0.005065856129685917
193 0.0
194 0.01002004008016032
195 0.010460251046025104
196 0.0
197 0.0
198 0.011707317073170732
199 0.0010245901639344263
200 0.0
201 0.056338028169014086
202 0.03626220362622036
203 0.0
204 0.0
205 0.0
206 0.0
207 0.06606217616580311
208 0.07255139056831923
209 0.013651877133105802
210 0.0
211 0.0
212 0.0
213 0.0
214 0.0
215 0.0
216 0.0
217 0.010282776349614395
218 0.0018709073900841909
219 0.007067137809187279
220 0.19456366237482117
221 0.0
222 0.0017937219730941704
223 0.0
224 0.03343949044585987
225 0.0
226 0.0
227 0.0
228 0.025029797377830752
229 0.016145307769929364
230 0.0
231 0.0
232 0.009708737864077669
233 0.008101851851851851
234 0.028602860286028604
235 0.0
236 0.001288659793814433
237 0.0
238 0.006986027944111776
239 0.0
240 0.0019743336623889436
241 0.03870967741935484
242 0.03154205607476635
243 0.0
244 0.008849557522123894
245 0.002325581395348837
246 0.005988023952095809
247 0.015625
248 0.0
249 0.0
250 0.0
251 0.03768115942028986
252 0.07074569789674952
253 0.0
254 0.004801920768307323
255 0.0
256 0.0
257 0.10239651416122005
258 0.0
259 0.0
260 0.025522041763341066
261 0.0
262 0.0
263 0.010526315789473684
264 0.026923076923076925
265 0.0
266 0.0
267 0.042105263157894736
268 0.0
269 0.08683473389355742
270 0.0
271 0.021105527638190954
272 0.0
273 0.0
274 0.0
275 0.0
276 0.0
277 0.02491408934707904
278 0.0
279 0.001182033096926714
280 0.0
281 0.035211267605633804
282 0.0
283 0.0
284 0.005509641873278237
285 9.140767824497258E-4
286 0.017163504968383016
287 0.06986444212721585
288 0.04510108864696734
289 0.016897081413210446
290 0.0
291 0.018411967779056387
292 0.0054694621695533276
293 0.0
294 0.0
295 0.004132231404958678
296 0.06914893617021277
297 0.0
298 0.021164021164021163
299 0.0
300 0.0
301 0.0
302 0.0
303 0.018779342723004695
304 0.006369426751592357
305 0.0
306 0.002857142857142857
307 0.0
308 0.0595446584938704
309 0.0
310 0.0049813200498132005
311 0.05
312 0.0
313 0.004405286343612335
314 0.0
315 0.006105006105006105
316 0.0
317 0.04475043029259897
318 0.0
319 0.0
320 0.0
321 0.0
322 0.0
323 0.025800711743772242
324 0.0
325 0.0
326 0.07661290322580645
327 0.0
328 0.0
329 0.0
330 0.0
331 0.0
332 0.0
333 0.0
334 0.025
335 0.06147540983606557
336 0.0
337 0.0
338 0.0
339 0.008298755186721992
340 0.0
341 0.02334267040149393
342 0.005484460694698354
343 0.0
344 0.0
345 0.0
346 0.0
347 0.0
348 0.0
349 0.0
350 0.0
351 0.0
352 0.0
353 0.005084745762711864
354 0.0
355 0.0
356 0.0
357 0.01
358 0.0
359 0.0
360 0.05893358278765201
361 0.0
362 0.0
363 0.0036452004860267314
364 0.015065913370998116
365 0.0
366 0.0037418147801683817
367 0.0
368 0.0
369 0.11662531017369727
370 0.02286401925391095
371 0.0
372 0.09446808510638298
373 0.006227758007117438
374 0.03388189738625363
375 0.0
376 0.01671891327063741
377 0.0
378 0.0
379 0.014778325123152709
380 0.0
381 0.07017543859649122
382 0.005597014925373134
383 0.06956521739130435
384 0.0
385 0.0
386 0.0
387 0.0
388 0.011780104712041885
389 0.0
390 0.0
391 0.0
392 0.0
393 0.008547008547008548
394 0.0
395 0.0
396 0.008333333333333333
397 0.0
398 0.0
399 0.0
400 0.033984706881903144
401 0.018404907975460124
402 0.004273504273504274
403 0.0
404 0.002529510961214165
405 0.0
406 0.0
407 0.0
408 0.06804733727810651
409 0.005905511811023622
410 0.03211009174311927
411 0.0
412 0.07471264367816093
413 0.058333333333333334
414 0.012747875354107648
415 0.028634361233480177
416 0.00423728813559322
417 0.0015082956259426848
418 0.0
419 0.009574468085106383
420 0.0
421 0.020702070207020702
422 0.0
423 0.0
424 0.0
425 0.0
426 0.0
427 0.0
428 0.0
429 0.0
430 0.03802281368821293
431 0.0
432 0.019313304721030045
433 0.013501350135013501
434 0.0321285140562249
435 0.011235955056179775
436 0.053742802303262956
437 0.0
438 0.0
439 0.0
440 0.0
441 0.0
442 0.0
443 0.0
444 0.007220216606498195
445 0.0
446 0.01694915254237288
447 0.0
448 0.0
449 0.011764705882352941
450 0.012809564474807857
451 0.003592814371257485
452 0.00684931506849315
453 0.0
454 9.372071227741331E-4
455 0.0
456 0.0
457 0.0
458 0.0
459 0.0
460 0.0457516339869281
461 0.0
462 0.0
463 0.0
464 0.05907172995780591
465 0.06091370558375635
466 0.012658227848101266
467 0.0
468 0.0
469 0.0
470 0.011157601115760111
471 0.06968933669185558
472 0.04540162980209546
473 0.03342245989304813
474 0.043401240035429584
475 0.09163346613545817
476 0.0
477 0.0015037593984962407
478 0.009411764705882352
479 0.0
480 0.0
481 0.03288672350791717
482 0.0
483 0.0
484 0.03433001107419712
485 0.032056990204808546
486 0.0
487 0.002617801047120419
488 0.040421792618629174
489 0.03414634146341464
490 0.08115942028985507
491 0.0
492 0.0
493 0.0
494 0.05272407732864675
495 0.022988505747126436
496 0.02021772939346812
497 0.0
498 0.0028169014084507044
499 0.07839195979899498
500 0.0
501 0.0
502 0.0
503 0.0
504 0.0
505 0.0
506 0.0
507 0.0
508 0.07578947368421053
509 0.0
510 0.009940357852882704
511 0.006688963210702341
512 0.013876843018213356
513 0.010714285714285714
514 0.0021691973969631237
515 0.0
516 0.0
517 0.0
518 0.07434944237918216
519 0.0
520 0.0
521 0.033860045146726865
522 0.0
523 0.0
524 0.0
525 0.005333333333333333
526 0.0
527 0.005012531328320802
528 0.0
529 0.06950672645739911
530 0.0
531 0.02880658436213992
532 0.0
533 0.017167381974248927
534 0.0026455026455026454
535 0.0
536 0.0018066847335140017
537 0.0
538 0.0
539 0.013499480789200415
540 0.0
541 0.0
542 0.00688298918387414
543 0.0
544 0.0
545 0.0199501246882793
546 0.0
547 0.002320185614849188
548 0.1079136690647482
549 0.0
550 0.0
551 0.0
552 0.009249743062692703
553 0.0
554 0.0
555 0.0
556 0.0
557 0.00487012987012987
558 0.0
559 0.07029478458049887
560 0.026183282980866064
561 0.0
562 0.0
563 0.05848903330625508
564 0.0
565 0.0
566 0.0
567 0.0
568 0.0
569 0.01993067590987868
570 0.0
571 0.0
572 0.0
573 0.0
574 0.0
575 0.012658227848101266
576 0.0
577 0.0
578 0.0
579 0.0835214446952596
580 0.0
581 0.04945054945054945
582 0.024390243902439025
583 0.0
584 0.0
585 0.0
586 0.0
587 0.0
588 0.07531380753138076
589 0.0
590 0.0
591 0.0
592 0.07889125799573561
593 0.011811023622047244
594 0.023474178403755867
595 0.0
596 0.004780114722753346
597 0.04318936877076412
598 0.0
599 0.06666666666666667
600 0.0
601 0.025547445255474453
602 0.020642201834862386
603 0.01673101673101673
604 0.0
605 0.0010604453870625664
606 0.0
607 0.005161290322580645
608 0.0
609 0.0
610 0.0
611 0.0
612 0.08098891730605286
613 0.0
614 0.0
615 0.0
616 0.0
617 0.0
618 0.0
619 0.0
620 0.004166666666666667
621 0.0
622 0.03618711385701677
623 0.0
624 0.00945179584120983
625 0.09961685823754789
626 0.0
627 0.0
628 9.165902841429881E-4
629 0.0
630 0.0
631 0.0
632 0.0
633 0.0
634 0.03907074973600845
635 0.04189044038668099
636 0.0
637 0.0727470141150923
638 0.0
639 0.0
640 0.017872340425531916
641 0.006607929515418502
642 0.0065420560747663555
643 0.016981132075471698
644 0.0033003300330033004
645 0.0
646 0.0
647 0.0
648 0.0
649 0.0111731843575419
650 0.049107142857142856
651 0.0
652 0.0
653 0.0
654 0.0
655 0.047872340425531915
656 0.0
657 0.0
658 0.0
659 0.0076045627376425855
660 0.0
661 0.0
662 0.0
663 0.0
664 0.043233082706766915
665 0.0
666 0.007518796992481203
667 0.002688172043010753
668 8.960573476702509E-4
669 0.09571286141575275
670 0.0
671 0.0
672 0.024208566108007448
673 0.0
674 0.0
675 0.04428904428904429
676 0.0
677 0.0
678 0.0
679 0.0
680 0.0
681 0.019021739130434784
682 0.04212860310421286
683 0.0
684 0.021739130434782608
685 8.55431993156544E-4
686 0.0
687 0.007462686567164179
688 0.0
689 0.0
690 0.007744433688286544
691 0.00821917808219178
692 0.0
693 0.0
694 0.0
695 0.0068906115417743325
696 0.0
697 0.0
698 0.0
699 8.960573476702509E-4
700 0.0
701 0.0
702 0.0
703 0.008064516129032258
704 0.08674698795180723
705 0.01637107776261937
706 0.0
707 0.0
708 0.0
709 0.0
710 0.0
711 0.012064343163538873
712 0.0016181229773462784
713 0.0
714 0.0
715 0.0
716 0.08903225806451613
717 0.003367003367003367
718 0.024154589371980676
719 0.006439742410303588
720 0.02640845070422535
721 0.03825136612021858
722 0.0
723 0.0
724 0.0
725 0.0
726 0.011123470522803115
727 0.056133056133056136
728 0.0
729 0.0
730 0.06275303643724696
731 0.01
732 0.0
733 0.0
734 0.0
735 0.0
736 0.0
737 0.033304867634500426
738 0.0
739 0.0
740 0.005870841487279843
741 0.013204225352112676
742 0.0
743 0.0
744 0.01884057971014493
745 0.018648018648018648
746 0.0
747 0.11799410029498525
748 0.008771929824561403
749 0.013761467889908258
750 0.0187192118226601
751 0.0034802784222737818
752 0.0
753 0.0
754 0.004103967168262654
755 0.028362305580969808
756 0.00964630225080386
757 0.0
758 0.10604732690622261
759 0.0
760 0.0
761 0.0
762 0.0
763 0.004480286738351254
764 0.0
765 0.0
766 0.0
767 0.028662420382165606
768 0.00847457627118644
769 0.010582010582010581
770 0.03561643835616438
771 0.0
772 0.017241379310344827
773 0.0
774 0.0
775 0.0401854714064915
776 0.0
777 0.028328611898016998
778 0.004597701149425287
779 0.001075268817204301
780 0.0
781 0.005291005291005291
782 0.0
783 0.0
784 0.01912568306010929
785 0.0
786 0.0
787 0.0
788 0.04326923076923077
789 0.0
790 0.0
791 0.0
792 0.0
793 0.028744326777609682
794 0.04077849860982391
795 0.0
796 0.02120141342756184
797 0.0
798 0.0
799 0.0
800 0.02457002457002457
801 9.737098344693282E-4
802 0.0
803 0.0038910505836575876
804 0.0021208907741251328
805 0.0
806 0.011352885525070956
807 0.0
808 0.0
809 0.0010362694300518134
810 0.0234375
811 0.00945179584120983
812 0.0
813 0.01556420233463035
814 0.039301310043668124
815 0.00546448087431694
816 0.0
817 0.020930232558139535
818 0.0
819 0.038502673796791446
820 0.020833333333333332
821 0.04116222760290557
822 0.0
823 0.0
824 0.008695652173913044
825 0.0
826 0.0
827 0.028670721112076455
828 0.008018327605956471
829 0.009237875288683603
830 0.0
831 0.009569377990430622
832 0.0
833 0.0
834 0.0
835 0.0
836 0.0
837 0.029646522234891677
838 0.0
839 0.0
840 0.0
841 0.06521739130434782
842 0.0
843 0.0
844 0.0
845 0.0
846 0.0
847 0.052948255114320095
848 0.0
849 0.0
850 0.0
851 0.0
852 0.0
853 0.02877697841726619
854 0.0
855 0.03531598513011153
856 0.0
857 8.56898029134533E-4
858 0.0
859 0.031914893617021274
860 0.0
861 0.0
862 0.0
863 0.007374631268436578
864 0.0
865 0.0
866 0.0
867 0.0
868 0.007985803016858917
869 0.006756756756756757
870 0.0
871 0.0
872 0.0
873 0.0
874 0.0
875 0.0
876 0.0
877 0.01079136690647482
878 0.0
879 0.0
880 0.0
881 0.004405286343612335
882 0.0
883 0.04339440694310511
884 0.0
885 0.01671583087512291
886 0.0
887 0.0
888 0.0
889 0.024822695035460994
890 0.0
891 0.0
892 0.05193661971830986
893 0.0
894 0.0
895 0.010371650821089023
896 0.0
897 0.0
898 0.0012755102040816326
899 0.023746701846965697
900 0.0
901 0.019675925925925927
902 0.0
903 0.0
904 0.00782472613458529
905 0.0
906 0.0
907 0.0
908 0.0
909 0.010650887573964497
910 0.013966480446927373
911 0.01446480231436837
912 0.0013003901170351106
913 0.0
914 0.022022022022022022
915 0.0
916 0.0036003600360036
917 0.013829787234042552
918 0.0542907180385289
919 0.015856236786469344
920 0.03259911894273128
921 0.01
922 0.0
923 0.01440329218106996
924 0.0
925 0.0
926 0.07479224376731301
927 0.0
928 0.002070393374741201
929 0.0
930 0.0
931 0.0
932 0.0
933 0.0
934 0.03428571428571429
935 0.03709949409780776
936 0.0
937 0.004210526315789474
938 0.0
939 0.0
940 0.04572098475967175
941 0.0
942 0.0
943 0.0
944 0.0
945 0.0
946 0.01141552511415525
947 0.0
948 0.00800711743772242
949 8.920606601248885E-4
950 0.0
951 0.0
952 0.0
953 0.0
954 0.0
955 0.029239766081871343
956 0.0
957 0.09352517985611511
958 0.0020408163265306124
959 0.023195876288659795
960 0.005172413793103448
961 0.0
962 0.0
963 0.0
964 0.0
965 0.0
966 0.0
967 0.0
968 0.012944983818770227
969 0.0
970 0.0
971 0.0
972 0.012558869701726845
973 0.0
974 0.03562653562653563
975 0.02806122448979592
976 0.03821656050955414
977 0.07780979827089338
978 0.025787965616045846
979 0.0029791459781529296
980 0.0
981 0.00872093023255814
982 0.0
983 0.0
984 9.852216748768472E-4
985 0.059850374064837904
986 0.0
987 0.008823529411764706
988 0.0
989 0.0
990 0.0
991 0.0
992 0.007159904534606206
993 0.0028011204481792717
994 0.0
995 0.07099143206854346
996 0.0
997 0.0
998 0.004488330341113106
999 0.0
1000 0.007211538461538462
