1 64.40491920118707
2 73.58455224360283
3 43.111971035138026
4 62.87248744973881
5 54.85593846102179
6 227.366778839405
7 52.10562856975455
8 61.44304747965485
9 46.82765728496271
10 51.540422390140215
11 58.71757203823032
12 64.07039216449266
13 73.70808667187042
14 54.98298107674274
15 80.90578120550963
16 70.6573633049688
17 106.05191082198513
18 49.319804876770334
19 124.08466679984387
20 58.41858303928725
21 53.48714382054276
22 48.23523579491407
23 97.20141809328928
24 90.1818887525533
25 69.83871177085476
26 70.427554345919
27 51.408396242365114
28 49.049800821410805
29 56.455593021473106
30 55.629379793144096
31 62.99599135812356
32 55.598521076426465
33 93.8370399853755
34 110.43587579698729
35 43.82221018286681
36 75.70307418627984
37 56.98502715156359
38 70.16257518043109
39 54.8521169359777
40 60.64334760073015
41 58.6407990215204
42 43.403381642557534
43 40.49335222294168
44 68.28395225482818
45 95.07396233015206
46 69.6529520251923
47 55.21848200795097
48 45.06848537826582
49 67.38300151932418
50 107.99672087262856
51 55.77713505991414
52 46.7885873463771
53 56.78321753702829
54 64.26084186572476
55 77.19129654082994
56 72.30786955097172
57 60.771200726368775
58 55.55591304761181
59 39.129477626066695
60 87.15018367650295
61 54.47078761183783
62 64.81422242034212
63 64.11414746673017
64 68.7900504241346
65 71.12998495508467
66 48.39609404132395
67 63.808026681722744
68 57.16922996906281
69 58.09448424686851
70 77.69595915114478
71 61.64817079668543
72 54.48369919529516
73 64.86183480146342
74 60.56041636908257
75 47.01613022692907
76 86.11054800915906
77 68.20225564295346
78 66.32399538459983
79 48.12000094315421
80 61.56565813475991
81 75.30094828694668
82 58.43786925745344
83 63.549409175846385
84 50.425923943216134
85 68.24251777954314
86 103.68045230058692
87 54.21868639786271
88 62.876453740607616
89 51.45520698298422
90 38.58093822695861
91 59.79045047865767
92 56.03933216605908
93 53.026039956895914
94 56.38441336626441
95 98.25008906657916
96 74.66998761013414
97 74.87404476268591
98 65.98234467809583
99 67.93471462443738
100 139.34538023948167
101 52.572976920164706
102 42.83174446910072
103 94.61875838345775
104 55.75868758607898
105 52.429130965145816
106 103.49746065037942
107 59.219315589947385
108 49.09729077095812
109 58.45589933658508
110 71.53964884450706
111 56.74480095901947
112 100.48241812102067
113 82.24893131474225
114 68.01765560818542
115 74.8363834888631
116 47.26565881264452
117 63.87627553374768
118 59.47194952919951
119 42.752912087434964
120 58.302440063491986
121 45.43534382197309
122 62.42481272814171
123 107.9297170092074
124 50.16412200982832
125 53.47217387865874
126 61.382444965827354
127 67.96097182202185
128 68.57811002391264
129 58.05622920254812
130 55.137318127936474
131 54.10524615567511
132 66.0324234045985
133 67.85811276566146
134 54.02153845853672
135 53.709741158037595
136 55.2469138667541
137 86.33623759333224
138 68.88474489703437
139 76.76840159152957
140 66.57583836711652
141 54.85115273823847
142 75.77540078157371
143 44.006552899440976
144 65.1248159364685
145 77.82648671198154
146 76.55095342112017
147 53.216165728664095
148 91.31004238224828
149 49.58716560981745
150 47.25650694048048
151 48.12971401411583
152 90.02456617142131
153 54.693247666585094
154 44.257024960389636
155 49.43101221695311
156 66.54308289485512
157 41.56208169265099
158 52.81624171930949
159 111.83859544349085
160 48.234360024859086
161 59.0619551724271
162 53.53537996250789
163 168.48777426095805
164 62.066478968946875
165 48.96870451393907
166 68.38687726814685
167 52.355231593123804
168 75.24509442069917
169 46.767869648054784
170 84.14864152291567
171 67.9208893941491
172 64.18066375693587
173 55.39520044591425
174 144.03102075918198
175 58.05924760260624
176 58.72333368920334
177 41.31968046235167
178 68.69335020212297
179 58.04096584266142
180 93.11625509137453
181 58.289763331186485
182 46.24937423442126
183 49.698908251806415
184 70.80673567240716
185 41.3025213658014
186 67.78862941950388
187 95.64163841177988
188 72.44627970185441
189 82.64002580384977
190 53.80152449772805
191 63.93834902468652
192 71.50626065562749
193 60.90360577298676
194 85.64892577450439
195 100.7159671979983
196 41.51936583483968
197 62.69961204984546
198 85.42870968795933
199 69.77667221607972
200 44.79526692121223
201 89.43485579302269
202 115.13101939965479
203 57.49692100330092
204 59.99196728413962
205 48.61800688707193
206 47.19085050925684
207 119.79565663922452
208 116.77141173435228
209 79.90324524376413
210 47.95307793607731
211 49.29159374743464
212 54.72577962624384
213 60.23282753839209
214 57.04386436983843
215 65.91401936982543
216 60.86215883973924
217 77.49615587843728
218 85.98265285614225
219 64.53222577724216
220 221.3259676177638
221 44.18341794121676
222 86.5090441162828
223 38.70498756526758
224 73.338489837172
225 65.60714423257502
226 45.881897366006044
227 67.01260737930086
228 80.30110599231455
229 76.98308293747017
230 47.84106779553176
231 47.24702227818451
232 92.47801935012357
233 73.89540434275918
234 96.55506953103958
235 61.59880119363564
236 65.55311865440592
237 64.54997088923464
238 76.39164998593719
239 58.34548323691686
240 66.24479329354041
241 111.91439967674553
242 103.84165100171398
243 57.37163719828068
244 78.31005451876868
245 55.64502933754589
246 77.72549418041038
247 76.06871335634648
248 47.23293451814078
249 48.115525684119646
250 49.784393856410844
251 75.939641312493
252 142.355390728452
253 42.56627633799598
254 58.441960754883844
255 72.03801717058566
256 58.65954860130763
257 104.09119959523073
258 45.65484565459517
259 42.49208293173599
260 77.79780831196634
261 53.69448861046004
262 47.37130207896272
263 78.2322551804163
264 81.36538459053492
265 48.13824173153206
266 64.13731088844729
267 111.62014212860528
268 63.63283432894208
269 115.44606517945813
270 44.84167596707919
271 93.40374896526181
272 59.99955254286158
273 71.81298439151325
274 42.67452144335682
275 55.10384208877115
276 66.12274255042486
277 91.9189513148462
278 58.55809327329241
279 67.90683773791038
280 47.21683573262087
281 74.52265184128888
282 55.43159228772522
283 60.44363286436406
284 75.9465547037945
285 66.99720704658593
286 89.33654256597201
287 125.0823717157171
288 76.55031359263054
289 82.12521751952293
290 77.23439813015328
291 112.94964612538418
292 51.223936133392655
293 45.884721826358415
294 67.82147218172095
295 60.934567729225094
296 92.1188938402331
297 48.49129393202459
298 86.69035867089819
299 74.16699434644751
300 57.960489473300136
301 38.987358768957286
302 57.59968764742457
303 67.84518901899588
304 61.90847700071399
305 66.32127628824003
306 47.537698466262604
307 49.458091464315736
308 85.19868879158598
309 62.24252090750239
310 75.72911420384548
311 73.83856740281837
312 42.52766341645818
313 97.65034114766112
314 59.65472653485173
315 63.656770304710136
316 49.38221281084148
317 117.55971380482664
318 48.52448723983384
319 53.754446881360465
320 61.61934363146719
321 64.42767669580692
322 61.644096858113336
323 90.96199676923455
324 34.3760158867924
325 53.108062309185605
326 92.6025798822316
327 51.428507173132125
328 54.30615603503034
329 52.55170065639281
330 71.27119096003896
331 45.28340158976988
332 41.79439531024096
333 49.406767987733815
334 66.86177386216234
335 71.91046878866837
336 60.59420936696795
337 73.20649594982496
338 58.71397672100971
339 69.03371149647079
340 47.38845143239189
341 78.03148763878544
342 63.48799568569838
343 46.65558459438376
344 55.29663349886144
345 62.124510625343284
346 78.60343976211492
347 55.52278078971618
348 71.02910144168715
349 59.37429462746274
350 45.57698242754644
351 54.16652383305121
352 51.93181852608389
353 70.01623917631025
354 59.492875744622445
355 37.554615913405364
356 41.90324744376983
357 52.30733243567696
358 57.62891563121685
359 59.99317384424287
360 123.49789125486798
361 64.55835642529263
362 43.406038833595126
363 72.05414798650513
364 72.46815421532284
365 51.61930446409189
366 84.91500980682589
367 44.928978287626755
368 50.041606631908316
369 87.57177291288788
370 90.75753808487362
371 44.08417707033168
372 218.41803175137784
373 74.081985675635
374 127.33730736543812
375 50.792903417991894
376 77.78299628730211
377 47.24027151764314
378 56.65120173539582
379 68.45602001875865
380 67.92911243359964
381 155.87586037324354
382 64.64041024961894
383 101.95035682498958
384 50.01612819816225
385 60.09365110866709
386 50.34269599929542
387 41.25151780840499
388 60.92863636732394
389 51.082706876259856
390 49.12772374695426
391 50.34334211846244
392 47.38115352983609
393 83.41387866669574
394 54.67812397216676
395 54.74278885901888
396 75.81225665553023
397 46.6864704983264
398 63.88571299026518
399 58.75249252305809
400 94.2962166614675
401 65.32084612138615
402 58.554355757879144
403 71.70273288938928
404 66.00837429341112
405 66.97615283467927
406 39.706021539537495
407 64.07868362829247
408 77.66428872299699
409 79.22505470365698
410 55.349713619752094
411 54.10055578276765
412 162.528903297792
413 47.49139021119143
414 98.05263301700037
415 67.57106053103176
416 75.28323423138676
417 82.99582727006208
418 45.85273577103512
419 82.58739103907476
420 45.76837797708187
421 92.52158502473145
422 50.90004757193694
423 62.01803439926747
424 65.2856169806198
425 53.426076711091845
426 53.090116611361964
427 61.40228303586653
428 53.31686345538894
429 76.5327444063076
430 104.15620727779634
431 59.43558098497679
432 74.9932395845377
433 64.3171744378088
434 59.84606605517325
435 64.57482829222769
436 101.98085529259949
437 61.73520530381728
438 57.5703828817533
439 73.37785394068705
440 49.82771798516122
441 41.97321638708314
442 80.52793457873044
443 47.84056314915604
444 75.79681178175933
445 87.99058900839074
446 65.29285107187951
447 56.376286729770655
448 62.044785344196384
449 73.46324992211623
450 99.95075876278709
451 62.619389541385914
452 70.07760551682713
453 46.39929943405841
454 56.261738475263044
455 44.71522633537977
456 52.11556204421331
457 60.71662425811497
458 78.68135008653506
459 65.50977905913422
460 84.74383218263212
461 54.96484033814416
462 67.89532468677093
463 78.7003977053963
464 73.42095064902286
465 132.17240907147774
466 77.90285219128238
467 44.76218629210097
468 45.129551569499235
469 49.65109436421828
470 67.47602879103313
471 135.586231235108
472 100.56791167628758
473 76.5535120606856
474 101.44252209347387
475 118.98604414314244
476 66.57705636617659
477 72.23378629998675
478 56.534786750431486
479 59.00834468853776
480 54.51609157644666
481 80.80031253801278
482 62.610523364869714
483 62.53830166591513
484 103.56592505135417
485 104.79736982494062
486 41.71784440021239
487 82.9712912105992
488 77.62647841212446
489 69.21776448216798
490 108.76810773987613
491 67.66238347777578
492 65.41754225327813
493 59.98130722682528
494 133.56275547418306
495 90.00339220791129
496 69.21128169252992
497 49.73746415130334
498 82.96755622414612
499 123.9673326474019
500 45.81212765057301
501 56.682319733090985
502 52.693392302987704
503 57.144449297729444
504 81.22830685545327
505 42.36552964915443
506 53.92251583515941
507 45.799135749631716
508 137.71696450192
509 58.80614683174376
510 69.8974562099765
511 65.56872053826034
512 69.9864053432904
513 65.75098006128286
514 69.18204922568681
515 62.953955740635415
516 61.015555005454516
517 49.55253540386229
518 91.61635398850984
519 55.41343587010969
520 53.0733400860619
521 96.28100990291179
522 65.7580321971454
523 53.68993093698699
524 44.15240738880084
525 78.15924962307626
526 67.15676820193666
527 62.96573817152272
528 62.763136608790575
529 83.71493762161454
530 41.63375157556684
531 73.52654667758293
532 62.75421947799922
533 71.75970468314281
534 56.54263874373462
535 46.57738194680879
536 74.41455960509468
537 54.37978752222575
538 91.57245196932638
539 84.92856921409135
540 41.88940305415693
541 65.00637231794236
542 66.22794732142957
543 63.417379561147584
544 60.21078865036194
545 72.72887653746702
546 50.010332938411615
547 66.17624467528869
548 156.19813165462264
549 61.44515487340479
550 51.087867663449444
551 63.357861488130425
552 59.14109800017626
553 68.19145742777032
554 46.30740058155268
555 54.098235103922704
556 55.83108408780221
557 86.0525275831462
558 48.539530964868696
559 83.29575962322235
560 89.62413123138462
561 44.69295996273959
562 53.82832833518132
563 140.83438408957187
564 51.1570821434033
565 45.09712555819598
566 46.77250598999825
567 36.506939853945745
568 54.81456238212325
569 68.21639488917866
570 50.79279824466671
571 36.295240275270295
572 56.27080870411534
573 70.11195448482442
574 48.69991006569773
575 70.50093377326407
576 47.64363681561363
577 49.7012209918201
578 54.58807992973374
579 138.717794420481
580 63.618391633672736
581 82.75137577157545
582 92.70311700070557
583 48.033125650945465
584 51.77100605526303
585 66.35204392740091
586 58.95195499909898
587 45.40841350801632
588 54.34164032249774
589 65.81726291763711
590 61.85039372502385
591 58.75241364763028
592 93.99080612284715
593 63.77078912967625
594 78.17488472860498
595 65.11050571890476
596 68.3572411984482
597 71.85331019289902
598 56.957998732512564
599 91.13091729567755
600 66.60855154586595
601 120.0579515951191
602 103.54041750869587
603 88.91463217510177
604 51.833496506035246
605 53.58335331434329
606 53.949830552333786
607 74.6491357041938
608 63.12041392725356
609 41.831663026668444
610 46.05515592572036
611 64.36351433909839
612 127.17421328936611
613 41.4608425585417
614 59.5595044583591
615 76.01250047561308
616 59.03464975900232
617 46.587185427237635
618 42.18818435826799
619 64.02327657508322
620 58.721655290457534
621 54.144242530813216
622 137.14473265278113
623 44.11637407750051
624 82.94148054796989
625 140.80697791586948
626 59.83520887220177
627 63.25731970851167
628 57.86391716532574
629 58.605044767932
630 52.35876375114521
631 54.78137704854412
632 69.8618575433664
633 55.80825740846627
634 119.20115668933026
635 102.09921138713635
636 37.405128155428066
637 125.50710057426818
638 60.07823431981054
639 47.9175395438773
640 97.05576822538067
641 56.40093663983369
642 57.22416049985756
643 71.883870346769
644 65.69065645091959
645 74.6544258708973
646 64.11075090091933
647 43.7693635331442
648 54.97136222164575
649 72.04574575403974
650 107.16916017911049
651 71.45324106391777
652 50.71500955706206
653 65.00060966199676
654 68.1831019267975
655 66.92657111823475
656 41.93875839926911
657 78.23737406072667
658 62.324297407683375
659 78.69770624889782
660 72.07896109657443
661 49.806422782650586
662 71.9529916153821
663 42.60706856171118
664 81.52590762447785
665 56.787742415190436
666 62.10894284327977
667 66.30843683739062
668 70.51518080694255
669 139.48808592018165
670 43.51435583174547
671 61.63302879195341
672 85.08172544622911
673 56.42398076123102
674 71.27800014940654
675 81.70797712793737
676 49.72085274083164
677 50.95688556088058
678 49.54451183558342
679 46.691716216758536
680 50.020290657067164
681 74.1901405863342
682 79.08921552164412
683 52.296169235148554
684 70.08215713122262
685 62.177178580756625
686 53.40195662577265
687 65.58751099629644
688 72.47958032202936
689 66.92677111054469
690 67.50553422086897
691 78.55710033939701
692 71.28506778987875
693 63.440114640265236
694 43.07773697911728
695 82.22998632716775
696 55.520899861977384
697 47.755779753818004
698 52.049355052588005
699 51.56868949929793
700 51.99016929932498
701 70.65282512494512
702 61.539590640956966
703 68.30411582112647
704 118.37162861918831
705 61.7053967227682
706 41.38480135191262
707 50.397042511386694
708 51.282579810051864
709 67.2064108380725
710 57.427005798853266
711 75.24888346470505
712 70.28165716005327
713 43.094114207000345
714 77.131281653111
715 50.94333313920548
716 131.6265993174338
717 77.82899464149111
718 65.3127369766324
719 66.62797225820684
720 74.09532505711104
721 101.45017703236527
722 74.32178382564491
723 54.421922320040004
724 56.509959583748326
725 50.69436184712282
726 76.27710336015839
727 127.64752385882815
728 48.57971043443269
729 64.62711522466972
730 116.17877897330713
731 65.6417349915029
732 60.86370758835897
733 52.86081444590594
734 53.08012248735869
735 58.007659967121256
736 50.88331405427519
737 101.0417169464858
738 64.7851419319791
739 58.58310048768528
740 69.87355048005175
741 84.77938458902311
742 54.90741282251009
743 49.81643703977575
744 92.65101098352271
745 72.65823508313474
746 54.46393691976233
747 90.65557714533448
748 58.517421172765786
749 65.13398464748391
750 86.74155205214609
751 67.87802909691156
752 44.554226381294896
753 56.77101443091548
754 54.17316969755038
755 86.56622268008373
756 65.64338041994442
757 53.41621629156011
758 172.32750255266984
759 62.866979135210556
760 60.69783924188526
761 69.40777527670306
762 49.00761784323353
763 83.69900137636077
764 40.74887419833849
765 58.86145402296934
766 64.9340657566113
767 100.06279267239766
768 80.88746572055675
769 63.112953657004404
770 74.0554517214824
771 53.89553101888425
772 67.27105818475214
773 61.655343097354
774 60.06758405178942
775 99.57170487262637
776 47.155185095190504
777 86.39672149898608
778 75.15228782372945
779 81.6464573550474
780 70.92043323159749
781 62.458597456566984
782 61.65216793195582
783 47.13416912416208
784 67.68038755357298
785 39.65259571799379
786 62.609217529952595
787 42.17982202924365
788 102.5690575413676
789 44.20183766433434
790 45.43394927950127
791 56.35534511692049
792 84.02727296216956
793 67.65717897862989
794 115.89073348915713
795 45.83047086871867
796 89.73881484954636
797 46.46564047361311
798 48.15522615435089
799 58.949853353427116
800 75.00073598711589
801 48.74934224049791
802 44.99073363267367
803 95.46977024091628
804 61.14394110824929
805 42.96967352386634
806 95.60145199161244
807 57.18748579398968
808 53.17570868847122
809 68.59439850269874
810 78.47934315222628
811 74.82648207654466
812 48.651120320051696
813 79.90287798276155
814 80.69840094643983
815 60.85936848510532
816 63.04789729396827
817 68.68896851623684
818 48.85687768298296
819 117.14987556696265
820 60.04791796591138
821 83.55762684455745
822 57.282147013708446
823 43.84715621047669
824 73.46866815041012
825 65.90717123106585
826 55.384314882855975
827 93.83568210193371
828 63.188392919268466
829 49.22262807261237
830 65.40000558579601
831 74.28333361599286
832 55.500098147615155
833 56.88076803690102
834 52.691692374608955
835 60.25720575182273
836 54.47036934531797
837 74.45179052794829
838 74.88318443444311
839 51.83234364436257
840 57.51226238962191
841 104.59794749255366
842 45.18192560013897
843 51.99613933036881
844 61.312671731450514
845 68.61761435184516
846 78.79656788660304
847 92.07035906725704
848 46.956994974972545
849 78.25753629257652
850 63.9887569539716
851 62.27229367158416
852 64.66181210321373
853 68.8016969633005
854 55.916904948117285
855 73.79291554512064
856 48.70330085792168
857 67.46506096936523
858 51.42113120074332
859 125.51127062400167
860 66.26674692582249
861 68.05534664530182
862 78.45555882307102
863 69.20967029123553
864 79.83870024979598
865 51.7729314625791
866 37.391272611526844
867 50.50113198849235
868 68.68383322496952
869 58.31313114618296
870 44.77291857094881
871 41.92667909581238
872 53.82012888959352
873 47.365877022593075
874 40.8903228385729
875 46.58810111030186
876 58.24535591534506
877 53.36610277078503
878 40.64438205105439
879 42.24401429961882
880 55.16917158886347
881 54.84833960426032
882 58.63500243643243
883 126.67763490506067
884 49.255749184944854
885 105.25981417122172
886 61.09953215090222
887 53.15957353888216
888 41.523475429756104
889 75.85578931154295
890 58.02542176548335
891 57.438750499399916
892 105.3024988895977
893 62.33955238150748
894 59.75348797446489
895 95.29192591360203
896 76.64561284606218
897 70.60458169232393
898 67.06684049595756
899 106.09561653361835
900 55.91934213741842
901 77.34209621946883
902 45.14380154700893
903 55.98648764273779
904 86.99327080431111
905 40.18935814517659
906 51.114310453420195
907 59.35616377201497
908 42.703607282305924
909 75.77795711388507
910 72.49886103150882
911 75.31464275778657
912 53.7552461797018
913 39.291112523151305
914 95.98275044455085
915 48.240365122984414
916 58.48114978913352
917 84.66042337271469
918 83.6378388544591
919 77.01494859578808
920 106.3016050992073
921 85.53189069356063
922 45.613600210884684
923 81.53644193654296
924 42.83941173852196
925 43.414048707050824
926 83.79151775738073
927 56.50962263093458
928 86.40306876117513
929 53.22600797925395
930 56.32525355509814
931 53.514169288280044
932 98.62091704358471
933 81.70244031919293
934 84.76411610090102
935 79.29378945530001
936 54.91007882300053
937 84.4153054890965
938 48.370502296742366
939 57.580409034569364
940 106.58196253051982
941 45.650050985079055
942 53.968788689732634
943 51.184830748098385
944 57.60092056653968
945 47.40779722916631
946 75.79148859058571
947 52.3157957167249
948 71.08717086730435
949 61.22413792369709
950 48.049864942210625
951 48.462210635038154
952 63.374346477032965
953 42.926191942425085
954 48.30537476451804
955 71.29487402841215
956 45.442312895864035
957 98.79940547970143
958 67.64698952119949
959 64.83028099375068
960 60.6269022607467
961 60.84115480133643
962 47.472959019292134
963 71.50078959144166
964 42.816377837326726
965 52.202152925562345
966 62.40688596092114
967 59.20136395696359
968 71.28377562018044
969 47.05296688750724
970 51.8990297036784
971 40.31939565412011
972 64.07275800209604
973 40.71615317007597
974 102.04195245119183
975 84.72127923084972
976 74.17904548563517
977 139.45429520007295
978 97.93953805093125
979 86.64847772637177
980 79.46646912410318
981 57.05285599809985
982 62.186895950725656
983 46.863194652167024
984 67.88286824984029
985 114.65091344916654
986 48.58404936199252
987 91.49179418678324
988 37.291462188170584
989 53.939528446267715
990 64.40930596976126
991 62.46573724139712
992 74.60066806430251
993 70.69286305456455
994 45.008536895943955
995 104.13928342874853
996 84.47282015972509
997 63.46314754076014
998 77.82121034220059
999 46.335813707169926
1000 80.70555444279925
