1 249.39273578873423
2 134.39834511085937
3 96.98148215801876
4 181.77455612190653
5 297.86895065148315
6 212.08183692633696
7 98.77994622257684
8 203.68991409565257
9 140.9362615173416
10 102.93810578919965
11 504.5063468769018
12 188.13882900532556
13 177.65264135663608
14 405.85895509520185
15 142.57600218629463
16 157.20538055205768
17 140.19316707305543
18 132.13139638279733
19 127.86034599646132
20 317.25466789839095
21 209.9113733982344
22 289.9140127187051
23 379.99226065156057
24 131.83414261104394
25 284.0906732460756
26 86.99795741853632
27 264.96211951895845
28 171.09251907072598
29 224.42861683741262
30 133.14636715833322
31 256.084143822309
32 502.720570856289
33 144.95171362332667
34 268.64524836478466
35 89.8848253968733
36 572.2425437864724
37 263.1069653219545
38 81.03755109947565
39 153.8715401154667
40 126.1892795043185
41 109.12933925766622
42 185.24482938991437
43 125.7462531003047
44 245.9422390506965
45 206.1125287748036
46 185.91377845624498
47 109.77900394059775
48 109.35376441459253
49 152.2513964778426
50 382.40191406529755
51 141.2922399452941
52 99.13100733807926
53 129.23589751128063
54 200.6781836167424
55 213.85894482199646
56 371.3833741485248
57 144.16641373490933
58 119.98305506651305
59 171.9011842135231
60 157.48608368345987
61 111.05219419387123
62 525.2481029556187
63 148.21886763838395
64 266.2477441992576
65 102.76011958322543
66 190.14447228945608
67 212.23825001766036
68 178.69276758414577
69 149.13603126827658
70 229.47566968682625
71 319.2724327861106
72 213.42762579346095
73 188.19632718658858
74 143.87088174862464
75 216.00245436340688
76 129.381689606829
77 162.7139891615011
78 100.12688639399902
79 530.6668562049591
80 116.6535058739364
81 99.7714053534276
82 364.7633785971303
83 224.65539712414437
84 375.61524272523883
85 95.49231359930545
86 120.5223364783381
87 98.6747243280678
88 102.8724726677
89 102.41602253551666
90 125.21449727884902
91 92.99799302305169
92 209.96351876117484
93 278.64234325877356
94 93.37726024716157
95 106.35769183802265
96 187.7592256102814
97 277.4366045402741
98 181.0403318195718
99 93.7926688422094
100 256.5551240666368
101 132.20063396871313
102 126.96120556391074
103 247.65452607308808
104 132.0906768005589
105 151.92504802976384
106 110.83751201158597
107 231.14221788028826
108 194.22407707785908
109 133.8912569196936
110 88.35948240632851
111 121.32316501595915
112 238.77495541415396
113 118.6724153170091
114 230.75664439052883
115 138.51543961092372
116 158.78688233216798
117 167.31520632470028
118 137.336492918226
119 219.69892116493745
120 141.99572026814775
121 113.51220114219925
122 177.53914242898827
123 153.6838517283893
124 159.29588095830826
125 119.55094414416466
126 168.80980566033787
127 900.6785517670361
128 397.9249133582056
129 115.55535709169392
130 258.070784979602
131 334.38612104481234
132 266.6191081755844
133 437.86557409113954
134 115.47450832548438
135 188.69441714265716
136 136.45465291817123
137 342.51266469027274
138 326.3173422498782
139 116.85770927015751
140 215.52097027508538
141 139.2653517643531
142 255.4221542683145
143 340.4598679519385
144 254.37743323729958
145 394.80504088093585
146 164.2599752609627
147 424.82753288450175
148 771.2007893956157
149 284.5034829632442
150 145.0831777821163
151 429.9902029097101
152 333.5421156166125
153 197.03499092975315
154 405.0712804092572
155 152.04313395404557
156 155.40089142196464
157 115.55770835271007
158 197.1171139971174
159 291.8983948810135
160 107.25325149983739
161 305.73614935567787
162 159.01018481798295
163 156.43146022904523
164 118.41054447625636
165 85.90082310274443
166 261.2253508831612
167 285.26793237999885
168 167.8539745683134
169 165.84017770219586
170 294.62555838941375
171 225.7214382047103
172 229.80933560809768
173 228.05824846614053
174 251.9051926540512
175 165.6791298533048
176 390.96416272640107
177 267.3882101718908
178 273.2654952588342
179 959.1051515952985
180 87.4409216820335
181 179.6816133043376
182 312.93906652712457
183 316.3013856994751
184 499.42420904733984
185 88.7183095320592
186 135.16682091726716
187 482.06093153868653
188 121.09057741985134
189 120.6170636406777
190 210.51993464294029
191 231.37193817641992
192 419.38668359793695
193 139.89182401439356
194 206.0089610539286
195 116.72182879474185
196 279.675164952419
197 166.88544093263621
198 173.10135366856574
199 254.15377759739545
200 98.64172347196134
201 134.92150466237567
202 148.7995939883627
203 149.15247606638263
204 127.38984117823401
205 129.476113568613
206 219.00232980425886
207 147.54339702569337
208 146.8967680947822
209 362.22010835465426
210 211.149937615853
211 192.3698712277894
212 139.53768198041755
213 126.58033153467925
214 598.8818459205407
215 202.56421871392243
216 176.82929551225098
217 148.8501719318596
218 167.3921132360016
219 138.24540622486313
220 235.8338411932072
221 193.42646379211868
222 268.8074187911838
223 96.58522884079862
224 262.6566440829663
225 341.3229486138029
226 171.14785293054632
227 198.9148711753271
228 515.0077932123099
229 157.21230197896998
230 193.97386904729848
231 210.74205761229416
232 197.22705116708568
233 293.5444607671378
234 238.24779294426546
235 349.2305048995796
236 105.05066932390548
237 140.39275927264455
238 165.03249033584308
239 186.99668267757588
240 120.56228089588924
241 216.18167488084208
242 120.48556249507884
243 203.53711948615035
244 220.2401518681734
245 141.22393262775793
246 97.60506425337492
247 139.70014502640646
248 171.4090833903884
249 81.5044374184934
250 277.7455329910147
251 128.54608782150908
252 147.32263041705917
253 194.90301276410003
254 174.58213316997433
255 168.75286241038003
256 104.43187946635493
257 186.97550847828117
258 151.3583532269988
259 101.30844184591444
260 174.47127340632682
261 274.856271612199
262 322.4204676067845
263 178.0428657157606
264 88.82548592953393
265 200.90949487215306
266 198.69952133438395
267 150.90374165779403
268 178.27604299737328
269 196.59951587490298
270 407.84166770828733
271 199.89925992701478
272 249.76687275699973
273 124.46652100425952
274 201.80800469434095
275 161.30092859694113
276 111.89912946927758
277 79.4055040354241
278 166.05252574561834
279 180.436512257979
280 290.36659391304244
281 672.5428233593065
282 177.40716620458815
283 276.74471376329575
284 185.67508827775424
285 398.12660406823477
286 213.6864826201255
287 167.46574414745197
288 512.625695098798
289 233.48316130509366
290 123.67173401875058
291 79.3888842521005
292 235.49446822826482
293 96.39194263785649
294 290.6024215870816
295 216.42398976083118
296 185.1407377259061
297 117.58028240366004
298 488.91224133652315
299 470.87920477403003
300 91.79992998842772
301 95.59248464049455
302 186.33818858969786
303 119.37142840681717
304 105.80622496894004
305 224.99259985478886
306 164.61695995902772
307 210.67643752513007
308 323.07018841586233
309 315.1996852426396
310 145.96039282560062
311 162.01060649667963
312 179.2895605060293
313 393.8348554710117
314 167.5661664170793
315 310.23485863355063
316 157.38753199147155
317 506.0699176519631
318 243.93533147611353
319 118.71563025816829
320 333.2635594358354
321 210.6247080944225
322 153.76379577836687
323 157.47531463398974
324 149.27509780520603
325 93.80099957324771
326 555.1775537989436
327 243.78190906444777
328 172.293475005246
329 275.8498743824218
330 168.63612745689198
331 234.34884840678862
332 138.80379278669662
333 142.25995629528168
334 91.89465976426766
335 153.45715279252218
336 177.76870959532417
337 215.64577339917872
338 134.59499647925847
339 294.42816560167665
340 173.03439591287798
341 101.57080092019305
342 490.25114819522764
343 213.05145969212617
344 460.0202797310931
345 242.5170213721893
346 250.1039250399474
347 130.89537895352902
348 355.83959047972553
349 118.39784080098728
350 354.9700132986591
351 109.73462008538839
352 120.63177401147094
353 335.3602846568563
354 422.05687007595037
355 155.45079398374165
356 160.88116903612814
357 252.3242709783416
358 295.1155648378881
359 117.82491678798937
360 160.32205439937024
361 168.67995872423182
362 147.85430977775354
363 177.95252862151418
364 117.45087749075114
365 332.98451245362224
366 163.72241108847956
367 249.02888407579505
368 125.80272544675577
369 327.5002877250085
370 199.23188877478034
371 291.5004233410028
372 190.9633751196652
373 152.20143659488582
374 137.09888820024076
375 120.24248026090564
376 116.78488803104665
377 155.7013672605084
378 450.70365753710047
379 135.79995714856733
380 207.82362914758176
381 441.6526503538237
382 93.50016196664954
383 489.15132934785316
384 254.102779917821
385 614.9849237712566
386 340.6283590518613
387 158.90286296280837
388 340.2685550078184
389 341.91508838267634
390 182.00981670457134
391 177.15881544404033
392 146.4489119057859
393 142.80588096893118
394 152.18309586322087
395 403.18858894850086
396 295.34819991172947
397 101.57502247305924
398 220.50589392458255
399 215.96349201100173
400 95.15486298615409
401 143.29524941507316
402 184.58100338310192
403 173.66874573396169
404 220.09219581635185
405 154.88847138925286
406 180.39173022922463
407 103.48551886642768
408 118.87436811438813
409 395.59365576337615
410 301.2696533243235
411 99.64404334553835
412 434.06527827876624
413 318.06200683757345
414 432.3408683502417
415 296.6502192601666
416 248.03700715542118
417 92.53325582437967
418 158.35126547107367
419 145.86739255829139
420 331.69881333086454
421 256.5862151310286
422 199.75150193906947
423 96.2003036898029
424 767.5533860499063
425 122.16160700241247
426 322.77951314904016
427 86.36368343522473
428 472.1615072614215
429 194.05167223004102
430 456.21569799857605
431 156.58183677963643
432 665.3272141922326
433 139.40957264710661
434 118.11540492667906
435 178.04945175088804
436 222.6932037905256
437 250.7218499188586
438 165.205671651678
439 235.47542073885134
440 230.7309949946889
441 137.4828662127852
442 1071.1140250973224
443 98.5965918522356
444 92.40312176415654
445 145.7439098944313
446 305.29323050456645
447 228.47552063066215
448 598.8033792005558
449 275.0055621083097
450 181.52585613597776
451 277.7985070826593
452 481.7097884020612
453 173.601200805073
454 563.9345497299342
455 126.89287356821707
456 188.76454339481828
457 91.2555677634593
458 135.19028348714525
459 120.8407381768751
460 103.79665164496268
461 216.1513545622234
462 281.9983017707755
463 122.74986121094447
464 459.53019595457585
465 470.26164525230706
466 101.14066425611512
467 547.4406274189654
468 205.40020336487245
469 192.62580901816915
470 204.56843664234498
471 184.01182600686502
472 170.0110689600823
473 217.18956835585206
474 279.3682276426822
475 516.5881526115087
476 118.2979050541718
477 180.63194802009758
478 146.84933686496979
479 252.77696202685783
480 320.09898066196
481 126.71922675516687
482 259.1211287884076
483 210.23210779352888
484 108.73447190755253
485 209.68070600327678
486 130.14028419144475
487 110.68148904019105
488 635.7986576885581
489 137.83216630147504
490 105.82714546006135
491 374.40878608747005
492 326.09800176797694
493 304.64297956322116
494 421.4656404324061
495 177.45087667064826
496 140.06634850740258
497 169.85473980672523
498 181.580225411049
499 386.83398315045656
500 229.26948949404624
501 145.44163793403146
502 209.28964166345847
503 217.86706739703237
504 186.04137844335267
505 255.7851755378262
506 74.76841871246967
507 277.6460496097252
508 325.1979644859094
509 128.7303780184603
510 114.41817320999179
511 182.9714193598917
512 184.69053029115219
513 329.02183161748
514 342.66922221786933
515 132.00422359880548
516 216.32828981590382
517 267.9876074134331
518 162.45677138976276
519 177.95379439595118
520 88.18943798018877
521 253.2796140903311
522 141.55111180749267
523 107.5526087961119
524 137.1587144820352
525 122.48931635139905
526 440.736548416307
527 129.7757545932066
528 146.2077678361367
529 132.8530760876707
530 172.66790143989985
531 615.2709339025081
532 351.64352915806455
533 188.05502127155296
534 539.3062883471548
535 157.13546883930408
536 148.43927955073067
537 139.63984118847478
538 495.73553873634506
539 166.49821426010072
540 156.78771185664252
541 596.7097108094636
542 306.19433589568274
543 164.91722932265588
544 359.46360168904783
545 190.8746164451577
546 112.31943306988343
547 187.1878393382347
548 85.57251870792302
549 183.95620939230375
550 148.11381843235938
551 141.90155809351663
552 132.36033671103698
553 277.31176073120156
554 185.57243674094607
555 239.97426907104156
556 176.5623915282573
557 324.7664688102717
558 169.221662702712
559 323.63559295077994
560 328.8877912482547
561 394.3786941204652
562 122.29447312108053
563 120.14331460653713
564 71.78085517349504
565 136.91397977539938
566 159.71554054421892
567 199.06935802266327
568 286.430925963993
569 167.86218154156518
570 137.3557229316476
571 117.30304928675037
572 112.45376968587323
573 112.5622823182538
574 69.54520606631161
575 258.5858208614029
576 160.64171974292339
577 220.2228784222894
578 212.26165727809152
579 272.4263528891415
580 175.48638618074403
581 205.49044599590354
582 487.6905697557028
583 156.06606617425388
584 130.87887684259277
585 180.17307728126644
586 259.8874405231803
587 142.46663314633193
588 225.350204176506
589 143.0968499655414
590 123.70583243352192
591 323.6918661431905
592 135.68984502424152
593 273.9512910552727
594 348.29832892556124
595 238.8701026480291
596 144.52067677788307
597 380.6092983823847
598 158.83219283340873
599 301.18321797080057
600 178.25329093376985
601 251.41319536662792
602 345.9532854184373
603 205.0459895892398
604 509.6714796564867
605 157.14606170952695
606 217.87495007675733
607 313.9628525554236
608 196.00844106079742
609 180.65376860595933
610 131.87209270214785
611 223.82579967449533
612 136.28105346685805
613 196.04071567312727
614 109.6491645009249
615 229.07891766066763
616 268.2261027183092
617 164.6959548097909
618 110.28924645400764
619 249.66415461790092
620 247.74186978224262
621 491.890553308857
622 353.1896662465201
623 183.1414814155323
624 159.42939866103373
625 118.27231401514919
626 325.37827863123675
627 265.7479652470728
628 387.5098329643593
629 139.95913225915305
630 380.1785246432576
631 166.0104797795226
632 291.3932784885181
633 433.1241171797694
634 139.7359630923863
635 541.4953375115867
636 134.16160180376102
637 220.80515066013857
638 163.532012188469
639 111.08712961349356
640 96.26502056949701
641 123.99977912329074
642 175.42827842694786
643 153.4541338458249
644 257.58588470241517
645 132.98663258895058
646 145.4286428468143
647 536.1288445937055
648 429.76754068404233
649 289.26463789633334
650 77.89875623158363
651 176.2676378663447
652 202.19926777080192
653 82.28975505944045
654 108.7208289571564
655 426.26994639614355
656 106.44754437158012
657 355.76209806255895
658 458.9466514967906
659 130.15408010648784
660 354.204092228485
661 294.9939293048532
662 205.67458155073592
663 236.06430506892195
664 385.64022759460136
665 392.11913155776466
666 112.47351146117516
667 190.56650833971656
668 430.13436178152796
669 223.323679928128
670 183.7667923312794
671 290.59708027002324
672 292.29981255450406
673 516.0154600556428
674 166.83935524652497
675 101.00406744676546
676 136.38674513600856
677 384.5431665095092
678 107.87084504447422
679 388.3765992310524
680 117.56081304024721
681 88.72686865796295
682 361.8151688516053
683 126.25534031533432
684 207.97712297044393
685 317.2997525625795
686 140.3644880818479
687 206.35598870713025
688 180.46849882002883
689 170.92623592260537
690 77.77435586436253
691 147.5708432457997
692 365.91820434023043
693 118.12402728638214
694 384.41683749153026
695 91.01487576198603
696 121.21388679153848
697 413.14856927601085
698 181.93199958616944
699 194.7985580768809
700 136.44329473186104
701 228.12089451444407
702 114.3878513138255
703 148.76000649162523
704 363.1443653683295
705 107.69138585417238
706 148.20950124666481
707 149.51369944206976
708 94.19870313636363
709 245.84138354274737
710 139.93789434136406
711 230.95279690297647
712 369.396162658243
713 134.24776494097554
714 100.49539500332959
715 76.31278897420601
716 158.63444720782147
717 347.2087686133481
718 133.62135418409034
719 131.33862031224268
720 281.5905582232259
721 289.68048166336735
722 200.54110148177432
723 90.86761663334877
724 119.73371006258255
725 183.05849700884676
726 178.0445265120887
727 199.14876531083868
728 284.6083879263032
729 501.1783915322627
730 185.98031591327242
731 123.78210146283037
732 205.13617746701067
733 230.44694820037074
734 675.8419026144411
735 124.10999366083072
736 207.35568800777645
737 555.2855755190986
738 204.04246737694018
739 655.2945886412731
740 312.00685312804285
741 180.76742920506763
742 430.1430978248257
743 262.9475950731906
744 104.39674634762066
745 101.17640114638587
746 150.55498212935763
747 263.6872959291361
748 174.59314811786658
749 226.080624340019
750 298.6161714726016
751 127.53245412947878
752 145.19520036365986
753 182.8682650824684
754 225.0536386400919
755 98.47130426196127
756 83.12293252921334
757 229.3439599603225
758 179.77080245941926
759 164.6356175004049
760 192.41491978077323
761 384.9633241719283
762 136.43790867897326
763 113.42741157071534
764 143.9371197301987
765 63.347339863641885
766 642.2706646849797
767 123.227908553101
768 135.53221442524136
769 104.3368174631888
770 104.24304022871888
771 191.51492366262246
772 698.2940711268926
773 136.21170102077687
774 121.10287809705667
775 204.6927697918064
776 71.58843887721673
777 94.95800509933451
778 567.3283152759685
779 174.5487970304548
780 239.5958386561041
781 154.02753088568832
782 423.4541253060936
783 170.4110298477443
784 120.51395510778079
785 231.58408719185869
786 351.4670632085112
787 223.10231230980767
788 438.1018712943349
789 220.3501009445485
790 254.84966917735818
791 178.5455046381452
792 126.65296563829388
793 170.15309754307006
794 226.8814338228123
795 111.60509885765843
796 249.758810458989
797 133.0822506556846
798 89.17100566776149
799 137.09848365909116
800 108.24813412990598
801 215.72946402450063
802 142.7286748466669
803 209.82646026679635
804 188.77169197839012
805 153.6846833772297
806 124.32820289189328
807 169.46281285098107
808 134.62210804351812
809 311.98567656692944
810 192.19327394471435
811 174.616136689004
812 276.4895711219622
813 443.37329491240604
814 144.17741841583648
815 491.02104484522334
816 90.82809050024582
817 211.02075824729596
818 564.0799055322404
819 264.4749120427937
820 208.775947440241
821 153.3697499184398
822 76.8575066597606
823 139.98375530598028
824 144.89737676181036
825 125.56946449409101
826 141.36530978325132
827 501.8840807429997
828 154.0412454381023
829 68.76719094833342
830 658.2257037738749
831 454.5972054636883
832 326.70526222944056
833 146.95145364542782
834 228.75363555588993
835 609.0270152249574
836 234.1262080407621
837 212.42237523835237
838 179.5359630188428
839 239.45166637815024
840 254.17923086422147
841 311.73571421477453
842 279.12739313483956
843 145.1681990976128
844 131.4746916653119
845 163.33913237748024
846 211.5239897604593
847 156.48026267448347
848 141.66522819476265
849 257.4543560926963
850 205.13997890158132
851 114.74103675491806
852 361.32486340376846
853 523.0899573742944
854 136.18297142824537
855 101.14878965352905
856 350.0900897652071
857 135.7710080449131
858 153.9354140109853
859 325.6866712364703
860 174.64643528850272
861 280.7205044225708
862 140.98600372055688
863 233.13895651324583
864 112.95725644704763
865 142.83732734200782
866 91.22720987974584
867 192.94222677714416
868 357.5732089754064
869 146.42217020546278
870 480.27759887169475
871 183.45368537386602
872 184.69867349021172
873 270.2199972787632
874 157.0261081924532
875 174.774069701371
876 140.6542815393948
877 128.7934135435723
878 148.7237173816735
879 180.18880550340322
880 151.6752613105732
881 114.0586719431072
882 306.85946208034363
883 106.39455454064358
884 165.87813967889767
885 269.12149154699733
886 220.0813556220896
887 252.21672886079233
888 200.766931761344
889 154.16256356795648
890 105.13808841756308
891 146.39041118719524
892 328.4027366494768
893 117.57568840281658
894 168.7993952428523
895 85.68019090283981
896 142.0662811168976
897 108.52734819197327
898 73.8034590522291
899 96.58520132802285
900 278.97996217622006
901 230.43993580147298
902 147.6366611757269
903 156.99344688826008
904 116.05875468541119
905 146.25740543953384
906 311.23260622565607
907 177.3511415916747
908 88.16479581707304
909 270.4387067186659
910 344.81994284116985
911 113.83797222859803
912 127.04799492301017
913 261.33403872698847
914 116.85208860624411
915 136.52470477855076
916 125.84310566755526
917 118.69844253156656
918 446.3595107013935
919 260.5991970360378
920 220.16809998601764
921 480.0070233188547
922 302.87085332728134
923 335.44544085204217
924 252.21250213475216
925 209.64653448970915
926 145.38514650860458
927 309.0010822919819
928 471.73611497122795
929 177.16981165526244
930 122.73238431480024
931 319.9608396121327
932 109.01750976928305
933 211.11826628960736
934 568.1099280882365
935 75.97671304005777
936 243.14522830090965
937 142.00123383505806
938 237.46901717899317
939 114.52738683873618
940 94.31819702088663
941 140.54986542488592
942 193.8567103326544
943 510.0699340128268
944 205.13163447373535
945 327.5406874838055
946 93.69544265301826
947 238.83922458052226
948 192.34877468088936
949 156.19681256277605
950 258.12565837077943
951 106.1987155777427
952 178.10399093679374
953 216.55996737102103
954 148.5608561667057
955 121.55331926878691
956 146.19709549783622
957 96.25705535500616
958 253.76019680820235
959 104.06980944647586
960 140.08753020125897
961 248.1227137965554
962 231.49194858425696
963 192.08790170931417
964 90.83367299659658
965 258.0538096563956
966 338.9675186283641
967 150.7293344826712
968 148.35200435107222
969 133.60842228133728
970 164.86630901131363
971 129.37017738659964
972 116.79073015850697
973 613.8025754071795
974 114.77320200155016
975 147.95262500144756
976 90.58287599101628
977 171.56301734215415
978 88.55898492607946
979 197.07875459294578
980 324.9850726668518
981 87.83801149001934
982 104.06913395753223
983 121.11554861137171
984 107.88094019741044
985 114.09112967379072
986 126.70810067814327
987 197.35205663619593
988 161.35201792180354
989 171.7953161911447
990 126.94307622080531
991 767.1073655229226
992 82.64333952531778
993 225.20334072205176
994 129.99732035905066
995 159.81356200723673
996 266.3408551632352
997 166.4966507735805
998 175.70736266713374
999 163.6422620048066
1000 457.4658944182976
