1 740.7088108313096
2 626.5649275119903
3 590.8456765423308
4 682.06975240297
5 787.4280903413477
6 713.0037381646852
7 589.0819806025077
8 691.6611911388536
9 639.2933612562745
10 610.162576047393
11 1003.6575698960468
12 677.4316744565452
13 663.0641622522737
14 900.6965710976066
15 635.5426858348593
16 654.3710924281163
17 650.9308391963444
18 628.7370545715556
19 627.2718339177142
20 812.782392907671
21 712.9462588714379
22 797.597196229634
23 888.4350696914751
24 634.1007119594353
25 783.0627900253138
26 580.87540040478
27 757.1810575806487
28 667.8800778716512
29 726.3764794361038
30 613.6705299730863
31 763.5009827721351
32 1000.2640774898282
33 639.5410266809876
34 763.7562256525466
35 586.8355284127546
36 1065.2455137540248
37 758.9451884246323
38 572.7887027446932
39 658.5299400040404
40 622.693190680522
41 606.7492981704337
42 686.3449641858748
43 624.2655230289574
44 730.7765571951147
45 712.9480957813631
46 677.7452520313522
47 602.0389937693296
48 599.8071786553579
49 631.3140521647293
50 885.6109825438027
51 643.1594356487701
52 596.116531658982
53 627.577075182385
54 697.4366499940141
55 706.9987574407703
56 876.4544761337877
57 637.7502487440989
58 619.6753676125871
59 672.748841198168
60 648.9614062050391
61 613.1816412412676
62 1028.3062433534626
63 644.9166117505671
64 760.4927791826286
65 585.1346833992277
66 697.5910625790182
67 716.1400331346225
68 668.7471076654703
69 648.0848409150344
70 723.3820522884149
71 817.4969512682242
72 707.4483548947974
73 679.3679294861578
74 635.0122420125582
75 713.9944550779275
76 621.3028214475975
77 671.4944701719112
78 611.7348137133498
79 1031.9362303130288
80 602.5211996907468
81 590.0810455863144
82 868.8158081552804
83 730.7506861566497
84 876.1572037907313
85 593.203486884199
86 622.7481474019404
87 591.6101896357297
88 602.5417446767102
89 595.0419193757983
90 611.5069458911754
91 581.1794266023102
92 711.9140242495415
93 786.3636217179971
94 595.2691428586598
95 589.1164231177117
96 678.9914989828745
97 766.3959568750819
98 678.655954865311
99 586.7114673312692
100 749.305002062526
101 635.0391504419404
102 629.735001999166
103 747.6771547541236
104 632.2350241288781
105 650.0239309461429
106 618.8247854721079
107 728.9938219667845
108 697.6532118795827
109 658.004214027939
110 573.2559877369106
111 609.3143546304585
112 739.2392812615569
113 612.27601246697
114 733.6567377507826
115 640.9894165014244
116 656.8958433541932
117 651.2613222062353
118 640.9509037169787
119 723.8632023180562
120 636.4700171428873
121 607.096733543432
122 666.9267969922698
123 646.6683923143045
124 654.3614778601661
125 605.0877510159539
126 657.3451940773994
127 1386.244008532395
128 903.2774516425819
129 607.6578336612018
130 762.7441824435585
131 828.9650913564783
132 753.6889581261607
133 939.9482297918022
134 605.7721803065041
135 675.8799498586429
136 636.7109108785891
137 844.8123634003981
138 821.8597900634986
139 609.2486045094399
140 716.665881545994
141 642.0610124405061
142 751.2666165367593
143 833.8609694021103
144 754.9920706210631
145 882.4243155253096
146 656.2661981285398
147 928.6167725332774
148 1274.5821439169365
149 795.5111557953468
150 641.7358189672786
151 925.1413574989058
152 834.2628590714465
153 695.2510260217682
154 901.8540622086031
155 655.2910712256552
156 655.4905347255317
157 607.8324230881942
158 694.9383477035364
159 789.4040570019336
160 603.1323534834473
161 792.188953246374
162 660.8547359537257
163 660.5082477227049
164 608.7663953998045
165 593.6990880981286
166 755.3851493587619
167 782.0051813279258
168 666.2757140498969
169 650.8958009965596
170 786.4671967700173
171 728.8853508526497
172 725.6100179158053
173 716.1384736077508
174 748.4400375809923
175 658.2917474727732
176 880.2881256004162
177 772.2539174589892
178 759.767331372727
179 1452.9247050369627
180 580.0746788943245
181 665.5555710916519
182 813.6003303492552
183 811.7227413824926
184 989.4231530893696
185 578.3931320894046
186 635.8964986194752
187 979.8154147459408
188 610.5792698080597
189 621.8912732253076
190 713.0222898678898
191 730.795555574668
192 928.1157185686302
193 639.018377010885
194 699.619367492177
195 620.3887169694082
196 780.324323894315
197 664.3874700844949
198 665.8395605296342
199 734.4819344344909
200 599.4460146296267
201 633.4028839383559
202 648.1996433573504
203 651.3205085421565
204 626.5114208670348
205 628.6913762904544
206 724.1881152136164
207 647.63559685562
208 645.3664408063881
209 860.5544019304159
210 708.5530191409692
211 682.1655043884124
212 637.8027422400335
213 631.5027790253097
214 1094.057843957735
215 692.9894884413628
216 672.0793092803834
217 647.0518871010682
218 662.1343199739766
219 632.220741380399
220 741.2719155957146
221 689.0335412960719
222 761.9794346004886
223 597.796925262063
224 756.725907416847
225 833.6559335379143
226 669.7912406651259
227 689.9002862622596
228 1015.5149363452709
229 647.716866069484
230 685.0701958988323
231 709.8791535054313
232 684.4946773982255
233 802.2411280226951
234 736.7584306765406
235 843.3824394537145
236 596.8148090440322
237 635.7453201570634
238 656.9740160573496
239 695.4141767425441
240 611.573367107368
241 696.5587944148075
242 610.663350586125
243 709.6820368855871
244 721.1883942368646
245 639.5750522516447
246 605.3054738407089
247 630.8038274097806
248 677.4851730222845
249 582.8307757454282
250 773.4759677413114
251 628.5331719257491
252 644.1968463136399
253 689.3748306000425
254 675.2567407822776
255 674.1026535417963
256 601.1393540241804
257 680.421167130984
258 650.6638170587777
259 601.7186529099059
260 666.5729873948851
261 770.9003034934407
262 824.3685106690119
263 670.7036505151235
264 582.7549681258873
265 696.1266221094654
266 693.9057815367267
267 634.5122955180332
268 686.0030684803041
269 701.7115253913934
270 901.8309187479957
271 695.2733543084431
272 751.9688290026705
273 617.1326323747655
274 700.8232062895166
275 659.4662317948613
276 607.6791557578576
277 576.0078362389498
278 660.2483108206263
279 676.8763205327784
280 788.2563648663245
281 1183.3002230041805
282 672.5878641772986
283 767.1292581161273
284 682.4886828454255
285 888.9516914521304
286 708.1048344927011
287 662.7449838589342
288 1020.9283986102017
289 734.3616319613423
290 611.2661262956917
291 589.812005905844
292 735.2695975933066
293 602.9574100391575
294 793.3345064906497
295 718.3587484075483
296 676.2780835617523
297 601.8725095253126
298 994.5962874418651
299 970.4930509709185
300 586.6136840662184
301 591.2869491094115
302 698.5841495766532
303 608.3728628257817
304 602.4460358291655
305 727.2051584209985
306 656.4527074974773
307 695.1556025282191
308 825.5718833377059
309 810.2583757246696
310 644.087081554041
311 666.0596467375592
312 665.5803793577397
313 894.3159894989184
314 657.6159760261712
315 811.006249259919
316 640.6335443617711
317 1006.4023965749933
318 749.0988522322648
319 611.4039286046756
320 825.5517180886453
321 697.8517333829533
322 645.8891394343063
323 654.1006179972323
324 643.5288470721176
325 587.8220610651198
326 1048.5657925544938
327 738.1080449183924
328 664.8400478538622
329 767.0639795736953
330 666.3470300569513
331 725.4897730759438
332 643.150750005595
333 629.0706977882962
334 577.0778154806625
335 663.7432272879868
336 674.7351341075835
337 715.7981828940491
338 624.0501146264426
339 774.4230631388265
340 683.6554792997387
341 589.3668459376174
342 985.5610263708945
343 706.7055104190105
344 966.8205716466077
345 746.1390278217821
346 739.0117941377498
347 627.1571565684933
348 856.9513092568185
349 617.2180615086165
350 845.0534450473235
351 601.0460438361499
352 609.034567960888
353 841.0990447401726
354 925.4521038373733
355 652.4872925546302
356 652.3831779313706
357 753.1904223667298
358 786.766335829346
359 608.9654704077423
360 649.4287925854773
361 663.2244327722698
362 644.3166262134788
363 673.1868693440372
364 620.1966663417606
365 827.8123746145452
366 659.1624832690253
367 747.1599614254973
368 622.5885480086889
369 829.8040534564835
370 708.4240312451884
371 795.8937623713896
372 686.0218108774059
373 646.9994619281556
374 634.4145767977585
375 620.0361014871812
376 624.578185814474
377 649.1961263549309
378 956.4152631119471
379 627.0882316801425
380 703.1797935789638
381 943.735085491891
382 594.0229675747728
383 987.7458725609212
384 746.5407897827141
385 1112.1426561604524
386 831.6049054860683
387 654.2755800376154
388 833.6534239391298
389 845.1342088285572
390 679.3415601039258
391 673.9439259609961
392 641.6599010150182
393 647.5924253140028
394 645.6510314717497
395 906.9048733539263
396 790.153147772407
397 598.0369248551449
398 723.9804887381094
399 729.3740194170047
400 585.8553603547906
401 640.4185278917314
402 683.1141339781574
403 671.3709374124631
404 718.8683849833385
405 649.1328402300013
406 666.4464391274325
407 614.0422570903555
408 608.4358142270823
409 896.8152275610761
410 795.213847758327
411 600.7925917289575
412 933.2100362508918
413 819.6775555318567
414 937.7138241444621
415 797.0459125310557
416 748.5976997765324
417 587.2678776469076
418 648.5545260000182
419 647.3389509704831
420 821.777674255272
421 750.4022337886458
422 704.8729394801736
423 595.785035347931
424 1271.6942011001054
425 624.100087195428
426 818.5109679378781
427 591.1999515205459
428 958.689924127525
429 683.9789230186555
430 961.1533387899266
431 644.4336872515552
432 1164.6325021118976
433 640.2267340211043
434 609.0127449654005
435 671.6234179269425
436 728.5053966277102
437 755.8479348757537
438 667.6514876408874
439 727.9070023821557
440 724.0814876246345
441 634.645723923761
442 1563.9217668380952
443 587.1954691743077
444 586.6511931825585
445 639.2229731439945
446 797.8634143194337
447 710.4972834709653
448 1101.005605316715
449 764.8094116717509
450 677.8748903849947
451 785.2517332843641
452 984.1559974824708
453 660.5688943235099
454 1055.5008598581624
455 618.5199205221553
456 696.2283662390623
457 590.6343551386707
458 632.0279206497994
459 619.0335573813787
460 595.9761560751365
461 712.2289711377673
462 778.926482487354
463 618.4199160266629
464 960.7380125926095
465 962.3172210998774
466 591.4582384808681
467 1048.3755547515877
468 701.0315829652566
469 682.7119160642695
470 698.4656168838239
471 676.168175399955
472 667.5423769525288
473 703.2550558613859
474 772.7598358715336
475 1006.7107757641636
476 605.8363888870931
477 682.4552271406411
478 650.4248967673651
479 739.2802977927306
480 817.4166527781298
481 623.82459860509
482 767.3887417178915
483 707.6745420852556
484 604.0946738273818
485 714.5437204640915
486 625.6849282215077
487 611.3932986626676
488 1137.9459441463696
489 643.6259715292375
490 609.4754005434659
491 863.3584460605016
492 810.650735451081
493 797.4530319366845
494 918.4499448366926
495 685.9845698404342
496 641.979296287246
497 662.2793946771609
498 682.7457788645793
499 902.899392167963
500 733.1428001926288
501 638.111889697184
502 710.3006440884136
503 720.4056942427268
504 688.9700986043516
505 745.2121423604058
506 577.9504038825272
507 780.4840966101364
508 821.1504454136199
509 624.9661823556053
510 621.4862169573057
511 673.9398019372436
512 675.8608294369486
513 828.1518397388746
514 843.1527547430828
515 619.154326964682
516 708.2251070227029
517 757.0186032444553
518 671.1352175348933
519 679.0987194263028
520 587.5252985715465
521 755.0707558722756
522 646.4139080534562
523 610.1957776673346
524 633.6546298555724
525 614.669647487355
526 950.7840353499146
527 610.6878765957363
528 642.3695162732512
529 633.7972175783501
530 669.0941093154729
531 1111.7608316147412
532 848.9984739099757
533 695.0447520295371
534 1040.5060730522723
535 664.9454202102221
536 657.3798389242374
537 630.6676010352371
538 988.3743950854522
539 671.3677142708871
540 651.2399142986071
541 1087.7796069152996
542 799.6558438339936
543 657.8783885490577
544 857.8445341112548
545 689.6283681800252
546 605.7530420370564
547 687.3974344945211
548 577.5220876333998
549 685.2232269588485
550 646.6548751931008
551 638.4900396247772
552 646.8476133778356
553 765.007189161197
554 696.7987366982344
555 742.3083063444702
556 672.5061588197694
557 822.763031612573
558 670.2370645187289
559 815.6046169741008
560 822.9349764865141
561 886.3755869614038
562 622.6865921065641
563 617.885781962638
564 575.3285034031749
565 628.8155270254066
566 655.3885603131006
567 686.9202282127253
568 779.5720359402926
569 669.2147824554962
570 626.9854743057264
571 612.284275554567
572 613.4920109660328
573 602.6703643746389
574 568.1029526506833
575 757.9430312838437
576 650.2885014042241
577 709.7926287791299
578 709.0475508634796
579 768.5359812901324
580 676.7749270214272
581 702.4877797590469
582 996.3431159993534
583 647.5235037389687
584 626.4588975037034
585 683.9574085812033
586 753.4294452099739
587 633.7433143054574
588 716.7368354588161
589 647.6199647106685
590 620.6757207661066
591 827.9493694539239
592 628.5657606262366
593 765.8665299877383
594 844.169762286188
595 741.0374618394535
596 638.6229130072354
597 873.6209847586673
598 657.8978942154166
599 793.15597730325
600 674.1626493503625
601 748.1972735240314
602 849.0247912776057
603 699.0859265567587
604 1013.9665619807
605 661.019750175793
606 718.7138864733425
607 802.2694440151134
608 693.0300459822121
609 668.0222681451228
610 630.6439225129246
611 718.1194512211679
612 626.094582973244
613 710.5663912957456
614 610.0406559863831
615 714.9164407554335
616 764.4731374801083
617 661.7266474075678
618 601.4802943123848
619 748.1492158312329
620 744.0936514956329
621 986.0823481980193
622 854.759560729059
623 673.7252948814894
624 662.4087280322649
625 622.3789093624251
626 818.6723315671517
627 766.6614883686367
628 885.8445883462249
629 639.6981468345947
630 882.1422732275778
631 668.168343534305
632 793.1148646779299
633 929.8409555353338
634 631.4556558001251
635 1034.3147995008012
636 636.7511577850854
637 716.5892320917944
638 665.7953515746927
639 592.6522329193776
640 598.5903621068693
641 621.1684519450853
642 660.4510949477141
643 634.6308859090756
644 751.9836520509282
645 632.2896778036143
646 644.8834276102634
647 1032.5965187982852
648 945.7969164500164
649 779.7983393418274
650 572.8022094968748
651 674.6826561640081
652 700.834936045984
653 573.620783215563
654 614.8502110957461
655 932.4279310886525
656 603.5308123371758
657 842.9157921861723
658 969.357920681195
659 619.5615929691296
660 846.4268002389897
661 792.0672372969462
662 707.0098942066542
663 733.8478229754957
664 876.8586886995832
665 898.6928615538396
666 607.644475090319
667 689.0321391711245
668 930.201356858985
669 723.4563019822259
670 690.029974453841
671 799.5891746425
672 793.0111833286564
673 993.3277488226089
674 669.1335405415315
675 600.4695762085829
676 623.7676511332045
677 871.1140348333433
678 599.589461504771
679 877.8465843782665
680 611.850384551641
681 573.0516136104699
682 857.9009744163628
683 609.7994148451158
684 717.5583894976726
685 811.2771894570171
686 645.6547970999269
687 707.7208041693375
688 683.475303878158
689 662.7624389397665
690 581.9987818413723
691 647.7682719767176
692 864.2054338363297
693 613.8991694721989
694 888.4618514978454
695 591.2005647645078
696 621.2120855053968
697 902.3690791963669
698 678.7887807760175
699 688.7408915707559
700 641.3182785017382
701 724.1480630208152
702 603.4893506467401
703 635.7056399217546
704 857.8635159975453
705 599.3418203654887
706 644.8748683572902
707 654.438479293806
708 597.2522460822794
709 751.8675372707563
710 637.12635853924
711 734.8395708853831
712 864.8114996842728
713 632.877344857426
714 582.6263782430946
715 573.4215705652305
716 658.6075654741846
717 842.6589144958155
718 627.2301096323824
719 626.6758941124559
720 774.6446148483357
721 790.7892584430047
722 698.5193563460551
723 585.0045701338183
724 607.4336087005062
725 682.9346391413972
726 672.729530294329
727 688.1923677627639
728 778.9117002304384
729 1000.0355669897433
730 680.6743378559933
731 625.4680289513663
732 684.7415577005509
733 733.7807011538132
734 1174.2235981680292
735 632.9821024324026
736 705.5630774038199
737 1057.4121880297132
738 702.1892793785646
739 1145.6977254098967
740 808.2653454559527
741 682.1854224596833
742 913.416129097133
743 753.2278730632877
744 609.821444295768
745 598.8620174191075
746 644.220922574268
747 764.1798968198325
748 665.6404934736606
749 716.6215216007839
750 798.811067080189
751 633.3303388910449
752 640.8628719201705
753 674.0223157096194
754 721.2305108605152
755 596.3867884046575
756 578.6652030444172
757 733.7772629259974
758 687.3124928070799
759 669.8543903203695
760 688.9074810633593
761 874.4487040502374
762 640.0119097429808
763 609.2396988123904
764 641.064753495951
765 559.82862557031
766 1133.025605342926
767 620.7004481261756
768 627.0646783612714
769 604.1592130217166
770 600.8194540030831
771 680.3158259241618
772 1207.7864990767102
773 630.4970525956793
774 619.5794904335628
775 688.6296213503182
776 568.6729748488826
777 582.5342223570515
778 1073.769015537808
779 670.3062516501782
780 737.2206798148673
781 651.9596002106592
782 920.8921709816497
783 662.8484655525018
784 614.4224888452608
785 724.2194461104149
786 844.7196889631482
787 703.7435260663898
788 928.4235564454759
789 720.2567458471109
790 761.2849239984121
791 674.2701441784374
792 628.4594183328823
793 660.3868225024173
794 722.3898646622357
795 605.5588876431945
796 746.823184646536
797 628.1938614735512
798 590.4452167331794
799 627.7053181574228
800 610.6867799977458
801 706.6837025355201
802 643.6768119670995
803 704.9061972202138
804 673.886873701465
805 637.2047219367997
806 621.6673249914732
807 655.7938492931593
808 624.1688322107543
809 803.5255028569247
810 690.4252461714391
811 679.0424197622092
812 779.8161648896613
813 935.8123022045004
814 650.1854347204047
815 982.4979021405211
816 597.0152357660396
817 703.3504753578321
818 1064.3124022368104
819 765.9112340577424
820 714.983355822793
821 645.7813856775812
822 574.2253413491294
823 636.3140914116067
824 638.7280708012156
825 625.9388328706419
826 638.9873652750043
827 993.0592994713478
828 651.0664937638528
829 558.5048250847317
830 1165.2183071013033
831 948.3623006942071
832 831.076393689217
833 648.5164686732204
834 720.956129627141
835 1089.2123762006097
836 733.2168042691567
837 701.4076538838784
838 684.7214509637668
839 739.0385796210703
840 747.5246675865599
841 817.3335945227542
842 771.8237467864222
843 651.1371576540627
844 611.0623144622026
845 653.3270929445301
846 720.2409434701517
847 649.6881161085229
848 638.4295359255661
849 755.7044928174217
850 703.9797078707638
851 609.889105971942
852 853.8858612484329
853 1024.5187714505635
854 629.5944014268294
855 597.9553818363034
856 845.2547094800051
857 638.5772060088871
858 648.5294310440154
859 813.3959024365323
860 671.316331751184
861 787.2638805736096
862 640.394129781565
863 736.4900979923319
864 607.3489557291656
865 640.8801378338134
866 589.7152395769282
867 693.08577459646
868 862.5442495675754
869 644.2394705823273
870 967.8713140717666
871 688.0582750863521
872 683.5971203566436
873 769.1036343935341
874 644.5675281777632
875 670.7112905928899
876 631.1966043130815
877 628.7707411045695
878 649.9170079782126
879 681.0040635955437
880 637.3274077145365
881 611.8447194855752
882 799.9439747156223
883 617.6078986565249
884 669.8179346053959
885 770.718891980697
886 704.9186471360086
887 752.5582741143404
888 699.943509521817
889 652.9192247188031
890 598.4289811243699
891 643.8533053257657
892 826.1992086009614
893 618.2384122057529
894 666.6748253874896
895 583.198909588285
896 633.0650719308549
897 597.5445366084393
898 567.0919657469294
899 598.6814280310558
900 775.8694514211905
901 736.9653726858895
902 648.4827637423127
903 652.416560668209
904 610.4322296336194
905 639.1757223770154
906 802.0478419434552
907 686.5445056554468
908 577.4847206132014
909 757.9561914554595
910 836.0778239545741
911 604.3393418943335
912 612.8683017256233
913 762.727207225302
914 611.431737255712
915 641.6358431936885
916 628.4461658197711
917 616.1327640969876
918 938.3676537383543
919 758.3543117602751
920 725.3423175564546
921 975.9001113613906
922 798.776117954846
923 818.5122673896852
924 738.2188225799656
925 699.4538422264197
926 635.1535680723606
927 802.4312009584294
928 966.3461015601508
929 673.8151481418838
930 608.018371838972
931 808.3130106191938
932 607.3860701925387
933 710.301449917054
934 1065.2137133392855
935 572.1316396734808
936 738.417633018673
937 630.072901215808
938 739.7098704081648
939 614.4739809696982
940 589.1091637294386
941 638.8399370904532
942 700.244770400756
943 1011.3475882321343
944 697.3878252214341
945 824.3809398954882
946 582.32801621442
947 737.3124380170874
948 699.1607042795837
949 644.2454474949799
950 751.60180050507
951 609.6382336938087
952 677.0676381408549
953 716.9360164782547
954 655.9249471987188
955 616.5632196676938
956 656.3569979656519
957 586.1164490763199
958 749.7142126760444
959 606.6488930926373
960 647.8390694767611
961 747.4137753074377
962 734.7097979738613
963 697.0388977044987
964 594.4713587129324
965 755.4069233953325
966 829.5332747998658
967 641.8201462965062
968 648.4555063400348
969 635.1445421888634
970 662.48780255957
971 636.9041702669788
972 611.9448256880435
973 1119.9740549820872
974 607.2248531821515
975 636.0865954763681
976 592.3999194480078
977 679.927516864074
978 588.580306561823
979 687.8971763076396
980 808.4965292298882
981 576.4216537020427
982 609.7452171947039
983 624.2013019255716
984 601.6903998319278
985 624.3659169299733
986 621.6359308396776
987 697.0533442281048
988 661.7374603258162
989 661.2386671621446
990 624.7255929965476
991 1261.5572583492958
992 581.3413971731096
993 723.6716288980323
994 634.2293156353344
995 657.2492290118738
996 759.1583804161206
997 667.2841068443869
998 680.1111807873434
999 656.378146326137
1000 955.2940341368067
