1 0.06049495875343722
2 0.03929024081115336
3 0.0
4 0.046944198405668734
5 0.16304347826086957
6 0.07615593834995467
7 0.027607361963190184
8 0.0745880312228968
9 0.07209302325581396
10 0.03359173126614987
11 0.24271844660194175
12 0.044667274384685506
13 0.0419921875
14 0.16085790884718498
15 0.013748854262144821
16 0.03581526861451461
17 0.0436397400185701
18 0.025339366515837104
19 0.037374658158614404
20 0.13415710503089143
21 0.22242990654205608
22 0.18954827280779452
23 0.2698412698412698
24 0.012658227848101266
25 0.14866112650046168
26 0.006968641114982578
27 0.13227513227513227
28 0.05647058823529412
29 0.08875219683655536
30 0.05286343612334802
31 0.10420475319926874
32 0.4036144578313253
33 0.04522613065326633
34 0.10282776349614396
35 0.003676470588235294
36 0.34440559440559443
37 0.19316969050160085
38 0.0
39 0.003787878787878788
40 0.0
41 0.0
42 0.021442495126705652
43 0.004319654427645789
44 0.11229000884173299
45 0.0674955595026643
46 0.10092592592592593
47 0.0
48 0.015364916773367477
49 0.04450499545867393
50 0.15947136563876652
51 0.025870646766169153
52 0.0
53 0.024302430243024302
54 0.12512716174974567
55 0.11300919842312747
56 0.27892561983471076
57 0.022222222222222223
58 0.0019588638589618022
59 0.049586776859504134
60 0.020804438280166437
61 0.0
62 0.391304347826087
63 0.011278195488721804
64 0.1054481546572935
65 0.001321003963011889
66 0.13497822931785197
67 0.0626118067978533
68 0.022263450834879406
69 0.07179487179487179
70 0.16301369863013698
71 0.2210242587601078
72 0.08070500927643785
73 0.04392764857881137
74 0.10431654676258993
75 0.05734767025089606
76 0.0611353711790393
77 0.035878564857405704
78 0.0
79 0.3433219178082192
80 0.08041958041958042
81 0.024305555555555556
82 0.1976534296028881
83 0.08405797101449275
84 0.18614718614718614
85 0.009523809523809525
86 0.022113022113022112
87 0.0
88 0.004207573632538569
89 0.013114754098360656
90 0.017521902377972465
91 0.0
92 0.06881143878462913
93 0.14578587699316628
94 0.0010683760683760685
95 0.0032679738562091504
96 0.07166482910694598
97 0.07407407407407407
98 0.03228699551569507
99 0.03715170278637771
100 0.09899175068744272
101 0.06726457399103139
102 0.03777777777777778
103 0.11278952668680765
104 0.0
105 0.06478102189781022
106 0.0
107 0.15598885793871867
108 0.08308895405669599
109 0.028128031037827354
110 0.0
111 0.0378619153674833
112 0.11189516129032258
113 0.06271186440677966
114 0.06762849413886383
115 0.022629310344827586
116 0.06659729448491156
117 0.0627763041556145
118 0.022022022022022022
119 0.06647940074906367
120 0.05172413793103448
121 0.013574660633484163
122 0.037894736842105266
123 0.06976744186046512
124 0.042467138523761376
125 0.03128054740957967
126 0.07611940298507462
127 0.6776429809358753
128 0.3147953830010493
129 0.028846153846153848
130 0.1628721541155867
131 0.16366906474820145
132 0.1548791405550582
133 0.2929203539823009
134 0.012987012987012988
135 0.023090586145648313
136 0.0546875
137 0.1651624548736462
138 0.27918170878459686
139 0.007751937984496124
140 0.049479166666666664
141 0.05476190476190476
142 0.1225071225071225
143 0.3033367037411527
144 0.12349117920148561
145 0.1984924623115578
146 0.06142506142506143
147 0.2056239015817223
148 0.6327731092436975
149 0.14028436018957346
150 0.04119850187265917
151 0.27706422018348625
152 0.14210526315789473
153 0.1013584117032393
154 0.28291814946619215
155 0.028669724770642203
156 0.04089581304771178
157 0.035
158 0.0752212389380531
159 0.19318181818181818
160 0.014719411223551058
161 0.2103386809269162
162 0.037998146431881374
163 0.0297723292469352
164 0.0
165 0.0
166 0.13744493392070484
167 0.158311345646438
168 0.044256120527306965
169 0.14068441064638784
170 0.128686327077748
171 0.10054844606946983
172 0.12268518518518519
173 0.10490693739424704
174 0.15266485998193316
175 0.16387959866220736
176 0.2623674911660777
177 0.14559721011333915
178 0.11030082041932543
179 0.7758470894874022
180 0.014473684210526316
181 0.08056042031523643
182 0.24114832535885167
183 0.19710669077757687
184 0.3548936170212766
185 0.01072961373390558
186 0.0
187 0.17641843971631205
188 0.02680965147453083
189 0.00558659217877095
190 0.10554561717352415
191 0.10134529147982063
192 0.2549019607843137
193 0.02133850630455868
194 0.10279531109107304
195 0.03358613217768147
196 0.13910761154855644
197 0.03609154929577465
198 0.08152173913043478
199 0.15100671140939598
200 0.12195121951219512
201 0.011292346298619825
202 0.039047619047619046
203 0.044954128440366975
204 0.03684210526315789
205 0.0
206 0.08779631255487269
207 0.01618705035971223
208 0.041371158392434985
209 0.18902439024390244
210 0.04960835509138381
211 0.053023255813953486
212 0.03682393555811277
213 0.009250693802035153
214 0.471900089206066
215 0.1
216 0.052397868561278864
217 0.053881278538812784
218 0.021800947867298578
219 0.04044117647058824
220 0.12555654496883348
221 0.08094262295081968
222 0.11521926053310404
223 0.00562429696287964
224 0.1368421052631579
225 0.20741989881956155
226 0.021526418786692758
227 0.06880733944954129
228 0.35320686540198737
229 0.04155124653739612
230 0.14104372355430184
231 0.10141206675224647
232 0.06549815498154982
233 0.09651474530831099
234 0.12106768350810296
235 0.3088768115942029
236 0.0
237 0.006329113924050633
238 0.06274131274131274
239 0.06148282097649186
240 0.006038647342995169
241 0.12810457516339868
242 0.009363295880149813
243 0.08592321755027423
244 0.17403708987161198
245 0.04748201438848921
246 0.013477088948787063
247 0.02217741935483871
248 0.016979445933869526
249 0.0
250 0.14359415305245055
251 0.007662835249042145
252 0.0461121157323689
253 0.025686448184233834
254 0.08099173553719008
255 0.051893408134642355
256 0.01601423487544484
257 0.06610009442870633
258 0.01738334858188472
259 0.05228758169934641
260 0.042105263157894736
261 0.19047619047619047
262 0.1572052401746725
263 0.06722689075630252
264 0.0
265 0.09332113449222323
266 0.028659160696008188
267 0.04007123775601069
268 0.0425531914893617
269 0.0907911802853437
270 0.2091791703442189
271 0.07265774378585087
272 0.06804733727810651
273 0.003537735849056604
274 0.1471861471861472
275 0.029223744292237442
276 0.023255813953488372
277 0.0
278 0.06406685236768803
279 0.07918552036199095
280 0.20068906115417742
281 0.6003460207612457
282 0.00546448087431694
283 0.15032080659945005
284 0.07231208372978117
285 0.3438556933483653
286 0.0671217292377702
287 0.06001765225066196
288 0.3797692990239574
289 0.09108159392789374
290 0.0
291 0.0
292 0.11632870864461047
293 0.003464203233256351
294 0.13620386643233742
295 0.0779467680608365
296 0.19285714285714287
297 0.024667931688804556
298 0.37888198757763975
299 0.32660228270412645
300 0.017208413001912046
301 0.009057971014492754
302 0.03555150410209663
303 0.0407673860911271
304 0.0010775862068965517
305 0.10970464135021098
306 0.0
307 0.10043290043290043
308 0.17348754448398576
309 0.16062176165803108
310 0.03343782654127482
311 0.032171581769437
312 0.04103479036574487
313 0.19563318777292577
314 0.07158119658119658
315 0.25
316 0.026041666666666668
317 0.2146690518783542
318 0.13380281690140844
319 0.037267080745341616
320 0.15900735294117646
321 0.06454545454545454
322 0.11666666666666667
323 0.07579908675799087
324 0.03342366757000903
325 0.004591368227731864
326 0.45302897278314314
327 0.10540069686411149
328 0.061146496815286625
329 0.10062893081761007
330 0.06274131274131274
331 0.11570247933884298
332 0.1065989847715736
333 0.00554016620498615
334 0.028953229398663696
335 0.049019607843137254
336 0.03233256351039261
337 0.050921861281826165
338 0.0467741935483871
339 0.19630281690140844
340 0.011811023622047244
341 0.0
342 0.35135135135135137
343 0.061930783242258654
344 0.26902654867256637
345 0.1013215859030837
346 0.07747105966162066
347 0.00641025641025641
348 0.1413237924865832
349 0.03464203233256351
350 0.15313028764805414
351 0.037037037037037035
352 0.014358974358974359
353 0.1885665529010239
354 0.2320205479452055
355 0.028622540250447227
356 0.030982905982905984
357 0.14860335195530727
358 0.15070921985815602
359 0.0038240917782026767
360 0.034106412005457026
361 0.09949622166246852
362 0.018427518427518427
363 0.09357997823721437
364 0.0273224043715847
365 0.2008888888888889
366 0.08160919540229886
367 0.07181818181818182
368 0.01646843549862763
369 0.13546160483175151
370 0.10869565217391304
371 0.16324626865671643
372 0.054673721340388004
373 0.034141958670260555
374 0.04081632653061224
375 0.0
376 0.011111111111111112
377 0.014598540145985401
378 0.3847472150814053
379 0.0027624309392265192
380 0.09185606060606061
381 0.25503943908851884
382 0.0
383 0.2328042328042328
384 0.13950892857142858
385 0.5769230769230769
386 0.19981751824817517
387 0.051329055912007336
388 0.26285714285714284
389 0.2316742081447964
390 0.0514018691588785
391 0.09988901220865705
392 0.03508771929824561
393 0.028384279475982533
394 0.06385281385281386
395 0.22301516503122212
396 0.21653084982537835
397 0.020872865275142316
398 0.05456171735241502
399 0.11922365988909427
400 0.0081799591002045
401 0.006036217303822937
402 0.0743801652892562
403 0.04500978473581213
404 0.08436944937833037
405 0.0
406 0.0882051282051282
407 0.0
408 0.045454545454545456
409 0.20279720279720279
410 0.2063157894736842
411 0.0037174721189591076
412 0.18197879858657243
413 0.18208955223880596
414 0.21042830540037244
415 0.18811881188118812
416 0.17268041237113402
417 0.009302325581395349
418 0.03110704483074108
419 0.09349593495934959
420 0.24778761061946902
421 0.1077788191190253
422 0.06195462478184991
423 0.004366812227074236
424 0.6832350463352991
425 0.011615628299894404
426 0.3795871559633027
427 0.0021119324181626186
428 0.23737373737373738
429 0.032563025210084036
430 0.3055555555555556
431 0.018867924528301886
432 0.6689956331877729
433 0.04792746113989637
434 0.0
435 0.08078817733990148
436 0.11186113789778207
437 0.06510416666666667
438 0.04647006255585344
439 0.058163265306122446
440 0.07062600321027288
441 0.013318534961154272
442 0.7942458587619878
443 0.0
444 0.02368692070030896
445 0.10650887573964497
446 0.15391304347826087
447 0.08742194469223907
448 0.2868352223190933
449 0.14462081128747795
450 0.08411214953271028
451 0.17273576097105509
452 0.1898846495119787
453 0.08998875140607424
454 0.43900343642611683
455 0.018329938900203666
456 0.033810143042912875
457 0.0
458 0.08490566037735849
459 0.04608294930875576
460 0.013761467889908258
461 0.09490509490509491
462 0.11775528978840846
463 0.0015037593984962407
464 0.34210526315789475
465 0.24577025823686555
466 0.016317016317016316
467 0.3696969696969697
468 0.09081632653061225
469 0.06513761467889909
470 0.07985480943738657
471 0.0433996383363472
472 0.06803355079217148
473 0.08687782805429864
474 0.11659574468085106
475 0.4089732528041415
476 0.0019398642095053346
477 0.11894273127753303
478 0.03354838709677419
479 0.17889908256880735
480 0.22614840989399293
481 9.80392156862745E-4
482 0.08548009367681499
483 0.07646048109965636
484 0.0
485 0.06648936170212766
486 0.047750229568411386
487 0.008111239860950173
488 0.5394265232974911
489 0.021341463414634148
490 0.0
491 0.22447257383966246
492 0.16766981943250214
493 0.13480176211453745
494 0.16060862214708369
495 0.11815068493150685
496 0.03619909502262444
497 0.06513761467889909
498 0.0384967919340055
499 0.27957931638913236
500 0.09411764705882353
501 0.029712163416898793
502 0.03627450980392157
503 0.018627450980392157
504 0.03521779425393883
505 0.13620071684587814
506 0.0
507 0.1527777777777778
508 0.18871252204585537
509 0.09090909090909091
510 0.019572953736654804
511 0.07827616534740545
512 0.08315334773218143
513 0.24288256227758007
514 0.2490079365079365
515 0.03393939393939394
516 0.08235294117647059
517 0.10427807486631016
518 0.04003724394785847
519 0.07347447073474471
520 0.0
521 0.1043956043956044
522 0.04004106776180698
523 0.06469500924214418
524 0.006591337099811676
525 0.0028517110266159697
526 0.3099361896080219
527 0.0353356890459364
528 0.03056768558951965
529 0.015398550724637682
530 0.042766151046405826
531 0.5439932318104906
532 0.24541484716157205
533 0.02378854625550661
534 0.3283582089552239
535 0.03155818540433925
536 0.019748653500897665
537 0.00966183574879227
538 0.4089316987740806
539 0.07683982683982683
540 0.035381750465549346
541 0.3711340206185567
542 0.11774744027303755
543 0.01845018450184502
544 0.22477064220183487
545 0.076007326007326
546 0.006791171477079796
547 0.04930232558139535
548 0.0
549 0.025732031943212066
550 0.02707581227436823
551 0.10476190476190476
552 0.05533596837944664
553 0.14333612740989102
554 0.06653620352250489
555 0.06361323155216285
556 0.05685920577617329
557 0.185121107266436
558 0.03609625668449198
559 0.17461746174617462
560 0.2297872340425532
561 0.3240072202166065
562 0.0335195530726257
563 0.0
564 0.0
565 0.06077348066298342
566 0.05366726296958855
567 0.07162534435261708
568 0.1983546617915905
569 0.012844036697247707
570 0.05149812734082397
571 0.08895705521472393
572 0.0
573 0.002304147465437788
574 0.0
575 0.14551907719609583
576 0.049891540130151846
577 0.1
578 0.0823199251637044
579 0.13187772925764193
580 0.07186858316221766
581 0.12173913043478261
582 0.4490909090909091
583 0.08574277168494517
584 0.019756838905775075
585 0.0043541364296081275
586 0.18140794223826714
587 0.017740429505135387
588 0.04938271604938271
589 0.029166666666666667
590 0.0
591 0.17815577439570277
592 0.011406844106463879
593 0.07255244755244755
594 0.36028751123090746
595 0.09747606614447346
596 0.04147880973850315
597 0.24471021159153633
598 0.02902621722846442
599 0.2228024369016536
600 0.035878564857405704
601 0.0967741935483871
602 0.1826163301141352
603 0.048343777976723366
604 0.3859030837004405
605 0.046182846371347785
606 0.1148577449947313
607 0.2252173913043478
608 0.060851926977687626
609 0.028169014084507043
610 0.010471204188481676
611 0.14342105263157895
612 0.06474820143884892
613 0.10152740341419586
614 0.007936507936507936
615 0.1845444059976932
616 0.1195079086115993
617 0.11438474870017332
618 0.006965174129353234
619 0.17478510028653296
620 0.16443594646271512
621 0.3628472222222222
622 0.1622340425531915
623 0.07584269662921349
624 0.02556237218813906
625 0.010856453558504222
626 0.19011082693947143
627 0.21295279912184412
628 0.157942238267148
629 0.03248259860788863
630 0.2530329289428076
631 0.06859205776173286
632 0.09482001755926252
633 0.46424974823766363
634 0.027422303473491772
635 0.45836909871244635
636 0.018796992481203006
637 0.08468776732249786
638 0.015353121801432957
639 0.040229885057471264
640 0.001184834123222749
641 0.04018264840182648
642 0.0704727921498662
643 0.10028248587570622
644 0.11974977658623771
645 0.013916500994035786
646 0.021890547263681594
647 0.2476107732406603
648 0.26707000864304237
649 0.21195652173913043
650 0.0
651 0.05956678700361011
652 0.08371665133394664
653 0.0
654 0.022265246853823813
655 0.2598081952920663
656 0.012658227848101266
657 0.2343205574912892
658 0.26730937773882557
659 0.035830618892508145
660 0.17045454545454544
661 0.17662337662337663
662 0.0967741935483871
663 0.16992665036674817
664 0.32983377077865267
665 0.20448430493273542
666 0.004629629629629629
667 0.08393782383419689
668 0.19210526315789472
669 0.09519492293744333
670 0.03557312252964427
671 0.13114754098360656
672 0.17054986020503263
673 0.40429338103756707
674 0.041353383458646614
675 0.03571428571428571
676 0.027237354085603113
677 0.30035971223021585
678 0.004555808656036446
679 0.20265486725663717
680 0.03467561521252797
681 0.007551240560949299
682 0.1687170474516696
683 0.02346041055718475
684 0.03394495412844037
685 0.125
686 0.038348082595870206
687 0.06775067750677506
688 0.06700379266750948
689 0.06755260243632337
690 0.0
691 0.05482233502538071
692 0.2277676950998185
693 0.030815109343936383
694 0.24440465532676814
695 0.0
696 0.0
697 0.20948275862068966
698 0.07112375533428165
699 0.03968253968253968
700 0.0275
701 0.15968586387434555
702 0.0311284046692607
703 0.05
704 0.2430795847750865
705 0.0
706 0.07763975155279502
707 0.014450867052023121
708 0.008253094910591471
709 0.10187667560321716
710 0.041505791505791506
711 0.052434456928838954
712 0.19413287316652286
713 0.019128586609989374
714 0.0
715 0.0
716 0.012081784386617101
717 0.22589285714285715
718 0.007142857142857143
719 0.08992805755395683
720 0.1289134438305709
721 0.19767441860465115
722 0.0797872340425532
723 0.0049382716049382715
724 0.004137931034482759
725 0.07296137339055794
726 0.03291384317521781
727 0.15528634361233482
728 0.12222222222222222
729 0.2794496990541703
730 0.0947867298578199
731 0.005107252298263534
732 0.11713286713286714
733 0.12667478684531058
734 0.49489795918367346
735 0.01875
736 0.07
737 0.3662842012356575
738 0.0967741935483871
739 0.4959202175883953
740 0.21671018276762402
741 0.12277580071174377
742 0.4142732811140122
743 0.15143369175627241
744 0.03361344537815126
745 0.0
746 0.040502793296089384
747 0.10087719298245613
748 0.046511627906976744
749 0.06794425087108014
750 0.13846153846153847
751 0.001564945226917058
752 0.03412073490813648
753 0.11683848797250859
754 0.14049586776859505
755 0.008875739644970414
756 0.0027137042062415195
757 0.13628899835796388
758 0.06384892086330936
759 0.0071301247771836
760 0.09211873080859775
761 0.26591107236268524
762 0.07830687830687831
763 0.024291497975708502
764 0.07862407862407862
765 0.0
766 0.22727272727272727
767 0.016985138004246284
768 0.14173228346456693
769 0.018072289156626505
770 0.001287001287001287
771 0.06443071491615181
772 0.40454163162321277
773 0.013513513513513514
774 0.022900763358778626
775 0.07887579329102448
776 0.0
777 0.013435700575815739
778 0.6927985414767548
779 0.031616982836495035
780 0.14795383001049317
781 0.02462121212121212
782 0.36607892527287994
783 0.01443298969072165
784 0.04878048780487805
785 0.11776447105788423
786 0.2717391304347826
787 0.10780017528483786
788 0.3763326226012793
789 0.10951327433628319
790 0.0592396109637489
791 0.13649425287356323
792 0.04105263157894737
793 0.012369172216936251
794 0.08177777777777778
795 0.00425531914893617
796 0.129695885509839
797 0.0
798 0.0
799 0.019255455712451863
800 0.02091633466135458
801 0.11655629139072848
802 0.02332089552238806
803 0.03342366757000903
804 0.08277830637488107
805 0.020172910662824207
806 0.0
807 0.046890927624872576
808 0.020330368487928845
809 0.11022222222222222
810 0.06469500924214418
811 0.07257203842049093
812 0.1588702559576346
813 0.3241616509028375
814 0.00718132854578097
815 0.5122615803814714
816 0.0
817 0.13496932515337423
818 0.47590870667793744
819 0.064343163538874
820 0.06118721461187215
821 0.1323529411764706
822 0.0
823 0.04786324786324787
824 0.0285204991087344
825 0.0
826 0.036931818181818184
827 0.3543441226575809
828 0.03753609239653513
829 0.0
830 0.5977312390924956
831 0.2343205574912892
832 0.12456445993031359
833 0.029411764705882353
834 0.08180839612486544
835 0.4117154811715481
836 0.10740354535974973
837 0.07460035523978685
838 0.0264783759929391
839 0.08185053380782918
840 0.09540954095409541
841 0.11150131694468832
842 0.08082545141874463
843 0.04404145077720207
844 0.006153846153846154
845 0.022201665124884366
846 0.09885535900104059
847 0.03932082216264522
848 0.030114226375908618
849 0.143646408839779
850 0.13551401869158877
851 0.027243589743589744
852 0.2859744990892532
853 0.3092436974789916
854 0.07098381070983811
855 0.0
856 0.1856763925729443
857 0.0255885363357216
858 0.04567078972407231
859 0.193631669535284
860 0.08648648648648649
861 0.11599297012302284
862 0.08966861598440545
863 0.12546125461254612
864 0.019498607242339833
865 0.0121580547112462
866 0.0
867 0.09954337899543379
868 0.20705663881151345
869 0.017415215398716773
870 0.3459552495697074
871 0.015503875968992248
872 0.08624708624708624
873 0.14872262773722628
874 0.03967538322813345
875 0.0511265164644714
876 0.009041591320072333
877 0.012357414448669201
878 0.054285714285714284
879 0.06929637526652452
880 0.0705596107055961
881 0.08463251670378619
882 0.15363881401617252
883 0.0
884 0.047094188376753505
885 0.12190812720848057
886 0.09450945094509451
887 0.08931860036832412
888 0.10121457489878542
889 0.019980970504281638
890 0.02119815668202765
891 0.0
892 0.18861209964412812
893 0.015873015873015872
894 0.04250797024442083
895 0.04664723032069971
896 0.022332506203473945
897 0.0
898 0.0
899 0.0
900 0.1921858500527983
901 0.10757717492984098
902 0.04833141542002301
903 0.030439684329199548
904 0.008181818181818182
905 0.03461538461538462
906 0.46441947565543074
907 0.037460978147762745
908 0.0
909 0.1433659839715049
910 0.1979609175870858
911 0.0048
912 0.02045209903121636
913 0.10286225402504472
914 0.0322234156820623
915 0.01334604385128694
916 0.015274034141958671
917 0.05
918 0.23493975903614459
919 0.1266261925411969
920 0.07876712328767123
921 0.22407732864674867
922 0.19938335046248715
923 0.14221014492753623
924 0.10999083409715857
925 0.13284804367606914
926 0.011483253588516746
927 0.13219424460431656
928 0.2020997375328084
929 0.059513074842200184
930 0.06713780918727916
931 0.2743521000893655
932 0.0
933 0.09861932938856016
934 0.4944961896697714
935 0.0
936 0.10204081632653061
937 0.01637852593266606
938 0.13842482100238662
939 0.0
940 0.0
941 0.020856201975850714
942 0.1040339702760085
943 0.22367275892080069
944 0.07297019527235354
945 0.19090909090909092
946 0.004366812227074236
947 0.1303964757709251
948 0.024346257889990983
949 0.02403204272363151
950 0.10789473684210527
951 0.0
952 0.01568627450980392
953 0.08145580589254767
954 0.0
955 0.007670182166826462
956 0.028901734104046242
957 0.003913894324853229
958 0.07547169811320754
959 0.034071550255536626
960 0.012950971322849213
961 0.08407871198568873
962 0.09223300970873786
963 0.07844905320108206
964 0.0
965 0.23896103896103896
966 0.24
967 0.10119047619047619
968 0.05080545229244114
969 0.009732360097323601
970 0.04259094942324756
971 0.065625
972 0.0
973 0.3237531699070161
974 0.023557126030624265
975 0.018147086914995225
976 0.0
977 0.06678865507776761
978 0.0
979 0.10307017543859649
980 0.19430051813471502
981 0.0
982 0.0262582056892779
983 0.034371643394199784
984 0.018018018018018018
985 0.0
986 0.010901883052527254
987 0.06327985739750445
988 0.06220984215413185
989 0.04923599320882852
990 0.026234567901234566
991 0.5935314685314685
992 0.0
993 0.025
994 0.07105719237435008
995 0.016238159675236806
996 0.05004389815627744
997 0.017391304347826087
998 0.03128258602711158
999 0.11353711790393013
1000 0.30728241563055064
