1 30.564125303271673
2 40.33172345712582
3 34.92020449052691
4 36.546054693029504
5 34.96035652834201
6 32.787769626418644
7 32.5780815352474
8 30.499566457189182
9 34.384929887625006
10 33.19765644266514
11 35.91224552305705
12 36.941662858306174
13 43.81175521423852
14 34.70040588206132
15 37.490710068671014
16 41.724212942618195
17 37.92405559792523
18 34.982423753336235
19 35.87298817272214
20 36.78491517927452
21 37.085057831085436
22 35.741285466011675
23 54.245006744440666
24 54.66191118166647
25 40.79986567242576
26 46.180206472374884
27 36.420926763934894
28 38.651596335478615
29 43.7308211686582
30 34.74704015296864
31 44.94937458844434
32 33.51110367678817
33 44.875348495478114
34 39.4948866243263
35 32.346790667960306
36 40.13179163476928
37 33.477055461726316
38 41.602835957769905
39 41.719998947208076
40 30.60352915647704
41 51.25769520731863
42 35.56735717531192
43 40.198023924908796
44 42.2251423603999
45 35.086484933743634
46 36.707400963002186
47 32.30480433313122
48 35.51531352054502
49 35.696238151862225
50 34.52385998994541
51 45.80612872726048
52 32.69334090976124
53 37.35428507094308
54 36.47775967372702
55 32.037790166569195
56 32.71279158478744
57 32.105290824690776
58 76.3914546034132
59 30.600302367508622
60 38.351519693476575
61 35.78161622118543
62 46.74444360315812
63 49.89008382235128
64 31.156263864245215
65 66.54539450351687
66 35.497180814654065
67 36.96127776744895
68 33.761863851263804
69 27.49371303273741
70 43.36477132641055
71 34.064651034139494
72 45.90586316519191
73 34.01327555909799
74 38.648301301479556
75 34.24698770413694
76 41.529420974328126
77 39.37288504621916
78 34.44948732668884
79 47.36172428374295
80 36.177523219230096
81 32.70425857851894
82 40.52776390788424
83 38.38142974653723
84 32.44617056082489
85 33.65563758949106
86 41.41553903386568
87 32.67482222755535
88 35.395339608341466
89 34.652343754921084
90 34.22505396717758
91 42.21621051565211
92 38.15368503097481
93 35.087309788475665
94 42.40326812101062
95 45.039374309796386
96 32.20757359930285
97 37.568732816048865
98 35.80912914721708
99 34.10553049446751
100 37.06507123203234
101 45.185772865058695
102 32.69614237900564
103 43.75033452455653
104 34.78832334021277
105 31.86941004124756
106 41.12760748829352
107 30.796318314216453
108 32.71135300318264
109 43.34539766762883
110 45.394812062255816
111 46.085714414962496
112 35.65103352209028
113 40.16765908445948
114 37.491970098472926
115 38.03900436089833
116 36.4499607299113
117 39.33074055047038
118 33.74128292464646
119 33.35924543300046
120 41.40571439084516
121 35.555239197568405
122 36.26760420489773
123 39.971381111708354
124 29.71162024237408
125 33.591638868228934
126 50.108133754093075
127 39.74891000313602
128 32.210235891754685
129 44.00341480850832
130 32.982466230398316
131 43.87496158009695
132 33.60476935429731
133 38.07979094816302
134 40.45397201668949
135 42.6548015495468
136 32.057888250543705
137 43.65481334099893
138 42.667232202256045
139 48.46326222104347
140 29.95731578474996
141 30.888357291946566
142 42.058686154379075
143 40.287121147360736
144 38.356434947816915
145 31.583646596485767
146 51.96160532077228
147 41.89937680341484
148 44.11641959805528
149 32.25080059812352
150 35.46123910069969
151 30.649858177915284
152 30.516833988701492
153 50.138883330241036
154 32.635615170310786
155 31.48361218582384
156 33.003965964740345
157 30.584453258137078
158 42.167618657759355
159 41.045752666767925
160 38.305427926232824
161 31.874620580723658
162 39.4400381097323
163 34.29166600282784
164 34.93164961097578
165 35.19661581744387
166 35.62086077170828
167 37.026349596818555
168 41.20890296374702
169 39.128075855051925
170 33.17321694420626
171 39.04999868460164
172 36.29417050317515
173 38.28512854922219
174 36.2049224549201
175 31.76894090595373
176 32.47752518374359
177 39.7867087438052
178 37.135091044941134
179 33.40367186529608
180 34.220828340632465
181 33.29202883334859
182 36.189854969282365
183 44.99808649956532
184 44.90709084219756
185 36.751802740327946
186 31.658955624903665
187 31.631337408095856
188 42.042068054147286
189 33.312080686584686
190 33.062899777842766
191 35.53313481042521
192 36.192138845527055
193 38.321795254161486
194 32.48085968916145
195 36.2777997374871
196 31.58524461250169
197 37.33355429117202
198 44.64871742307664
199 33.218661320630694
200 44.41625171068324
201 39.93428484957098
202 29.983002504240275
203 53.94033029240223
204 44.48831133715573
205 35.72707741770247
206 43.152046645601324
207 35.57991162373391
208 35.17396906930683
209 39.52924720805307
210 38.39465021489917
211 31.18452825605015
212 37.96605395720107
213 33.168368273642486
214 40.117321825845885
215 31.4935502329182
216 30.608082674276925
217 37.62775805711051
218 34.7692155894068
219 41.12142381840745
220 27.83635987274876
221 35.55517658286985
222 37.828214913608115
223 56.8252401733747
224 37.490329037398894
225 39.08811154404419
226 38.32337655236178
227 32.66778139901003
228 31.642971819011557
229 36.757604776032025
230 41.36677430754657
231 33.267185885594365
232 33.04289599298784
233 32.19577446645202
234 35.70741735905178
235 55.37890930058228
236 35.479145555509966
237 40.119843004701515
238 37.76293752234825
239 37.33270422832212
240 50.17870360327603
241 41.74514678825314
242 36.42547926033983
243 33.75671070868934
244 39.74269766561708
245 41.607007783304276
246 48.06609831084857
247 30.287756244842324
248 30.720568725259714
249 35.70350962498902
250 43.41690186069856
251 58.9996165023861
252 64.80953160178771
253 42.133561098543545
254 33.036585881247845
255 44.16316338609211
256 41.302796944473876
257 36.45317590763866
258 38.01010856417991
259 30.83096223813816
260 34.86658613675315
261 35.503901819422516
262 31.118531572327374
263 39.592038541073045
264 35.37484719159611
265 36.32958627559053
266 45.91783197428563
267 33.23380905182825
268 32.31438110674321
269 34.098143248877264
270 42.49902667107781
271 40.264564678331624
272 38.55911901941208
273 60.73825276884222
274 47.72653595377896
275 34.98238514931253
276 35.85832528176851
277 34.46684379881025
278 39.172830240000316
279 43.236120860439684
280 37.17560159982032
281 47.667035101156635
282 32.90136491612314
283 33.435553126215225
284 52.24361933539988
285 37.025940787883265
286 29.90727819945719
287 39.67460298098922
288 40.87529285507794
289 54.67399870018912
290 43.59377815996936
291 32.696460666328946
292 37.33175302931158
293 33.29602491628972
294 44.76079239026979
295 32.87807303724668
296 64.9870573852374
297 35.81260359127237
298 30.94591606163439
299 36.80205774948774
300 36.37310398011964
301 32.076572433537386
302 30.440368135490846
303 44.956994667620556
304 33.03808262298062
305 34.229309901886104
306 39.731047953902454
307 32.62589482823889
308 40.77925022268768
309 34.68476158772991
310 29.9929880348266
311 49.685480943397046
312 41.161519085334035
313 33.926373310579024
314 41.875776388656234
315 39.58113315742577
316 37.79850060882469
317 38.053604349038174
318 44.991766172751475
319 48.54882528863089
320 35.33446833978286
321 37.592087141142336
322 33.5384559206835
323 42.42587438065128
324 29.610054060906723
325 30.33345279989635
326 35.973671343674134
327 44.974615681933905
328 36.49980335453614
329 44.059700356026866
330 49.51607475233852
331 41.56072869900018
332 31.931956497625933
333 36.80450849735604
334 35.55741948557468
335 43.035824419077684
336 38.439588822796566
337 38.590835872709185
338 41.06804811021434
339 40.91850157688159
340 41.15677093103217
341 53.52042533634976
342 32.37117514987611
343 32.538734374347804
344 34.98909520249199
345 46.84905414699126
346 38.142548621737724
347 37.70004365331041
348 34.73831586417825
349 38.32104595240581
350 38.45386461859125
351 36.543789637150695
352 35.20739486897995
353 43.1235713153167
354 36.01068080930964
355 34.14658299056182
356 40.24189217391646
357 35.13585286701255
358 41.100866430456136
359 30.34202162307017
360 37.72840106154724
361 32.25664245073976
362 29.899065006978926
363 34.640610185448686
364 40.56004960936611
365 44.82482299760479
366 54.28224534535523
367 32.32071509940555
368 45.9900320734508
369 37.57769780756487
370 53.60574251717513
371 36.35560777568105
372 48.97159412934035
373 33.15573745874231
374 39.15217502101368
375 34.25972106524292
376 53.760926514457395
377 42.86699978447172
378 48.810976235986054
379 45.53720373000581
380 29.148169237487487
381 43.12382260581852
382 43.18277587164038
383 33.58592600139279
384 34.688696393414155
385 42.26992030983232
386 34.393863894339766
387 61.87717211710472
388 34.515351779827654
389 37.529978473061036
390 34.32741885152487
391 37.25022585810977
392 37.01989704338157
393 51.473255405119595
394 35.461740796061946
395 39.57897358581102
396 40.93354738112611
397 34.61902054865538
398 46.9887330958366
399 39.91672800410862
400 46.02036233515492
401 34.8981750373329
402 44.10535551187549
403 37.57889551520507
404 33.9408462203592
405 32.8439526832877
406 40.88980606238465
407 34.62958940998013
408 35.11024781906873
409 34.090236108512045
410 40.9340749732921
411 40.56151447890408
412 39.68552690248943
413 42.11788733605689
414 37.74888356814724
415 44.64262134436588
416 35.26322165993192
417 43.50113732768874
418 37.516905006854245
419 43.489095216583884
420 36.7688844484193
421 32.687148067673306
422 35.68124223923038
423 46.38041470595294
424 31.67900668483433
425 39.036411989185304
426 41.377434270079014
427 34.06715856680708
428 50.92886424776415
429 32.86423859321907
430 46.85618336802389
431 36.35491403919562
432 34.56936499755541
433 32.20639059340906
434 34.75694504013139
435 38.47902299909765
436 37.48175258646231
437 38.15564563434008
438 41.69798607639689
439 45.0431457412916
440 45.618059180145075
441 42.66271934095851
442 36.85653815497936
443 30.75452874790554
444 36.4799489209792
445 32.94192209464216
446 34.325254616254206
447 33.19230927874929
448 38.06911082737014
449 41.33007533124051
450 31.585997481269203
451 32.43846371760079
452 36.41972787371001
453 34.18757680406882
454 36.30770764099001
455 41.048706962415544
456 35.52695146141121
457 32.199038883880135
458 39.72292171763578
459 35.415183094988315
460 34.75444536278016
461 36.50688818104718
462 36.140586493425936
463 46.082795902187996
464 30.28572638257228
465 32.55150399728277
466 35.471717759883866
467 36.88972045359261
468 48.087549653443816
469 31.83136853213597
470 36.15339090104137
471 36.07745895722552
472 40.60917666317119
473 41.554092549045144
474 35.663125350426796
475 32.70391725751527
476 34.69070386955089
477 50.009428651084725
478 39.55847321456967
479 57.589804412709285
480 41.68961384135426
481 44.28186612560584
482 41.47984192294323
483 33.21279856592935
484 45.22146214321389
485 34.23669303453721
486 37.39203612701307
487 33.678564002402474
488 47.98591769388984
489 32.96123673275833
490 34.839700983783885
491 31.811359890739617
492 37.23598324457449
493 33.499148349435664
494 35.251405854602176
495 37.6134997108545
496 35.69413947296364
497 59.929979483169156
498 35.55233121828873
499 39.2177755991932
500 45.27220979044099
501 33.57907886251374
502 33.25865792227121
503 38.54779000269266
504 36.96243582940747
505 39.687737888422596
506 37.255622240442044
507 38.483426850450584
508 34.481075633830095
509 36.189524406060656
510 39.402109113563554
511 34.65382288870462
512 35.736993547826984
513 38.79976119024031
514 45.42199974335362
515 39.460653868751024
516 35.375389926609586
517 52.667538886956805
518 33.632242266193046
519 43.97130144672515
520 38.2330866198152
521 35.74393028452487
522 37.18251132255903
523 43.74057258526673
524 34.13443803664354
525 32.466270341115354
526 36.561290209815134
527 37.872294178965106
528 30.32341987970872
529 29.76062701772344
530 27.87095761424967
531 41.583716382827475
532 37.757460956206174
533 30.77121950956245
534 33.28588131956912
535 34.462843218022
536 38.578957014330676
537 34.3345578618313
538 44.88840278733702
539 61.04979580902612
540 44.86153831596805
541 31.17763968022285
542 43.68476626430726
543 31.879056781319992
544 35.88424728257897
545 44.57807505525528
546 28.439130613728167
547 34.697270738000896
548 34.84192340121424
549 46.2642134576397
550 31.495190992313567
551 43.295022262926274
552 32.46915336765398
553 32.370639950637894
554 37.37964349643633
555 32.57235444294021
556 36.2352663929258
557 36.5908388911774
558 49.487106031355275
559 37.144419602915534
560 41.25825866543458
561 34.32945767630999
562 49.91993260316491
563 41.76615207085284
564 52.96205788600444
565 38.742833161655405
566 30.627773119628724
567 35.98296170078328
568 37.403641138606886
569 43.8661744199596
570 38.53214003814446
571 35.898313685951344
572 50.497008112481375
573 33.40482589728716
574 40.768617968912515
575 39.06075128588699
576 31.173957368425953
577 34.88633159416029
578 43.91227509250047
579 40.16994813410233
580 39.59126357503232
581 38.245699778916034
582 50.293896856031346
583 50.10537077381299
584 32.40861159201427
585 30.117956835049142
586 44.54431692201303
587 35.90354205600701
588 42.58072291194505
589 33.86047245076063
590 36.05467611859414
591 42.9180181235547
592 34.86126429085609
593 46.36165678076876
594 42.77535174553445
595 44.75524624524475
596 40.108368351510876
597 36.736220265532815
598 45.890612859185715
599 38.670676786872946
600 38.80970140563985
601 52.16037991202613
602 50.47136856987861
603 28.953784768821464
604 33.769110254240815
605 28.88066703616137
606 40.503521180445325
607 45.46557848023317
608 35.81312862873684
609 33.0743548761552
610 36.35206607494204
611 34.92941978954089
612 37.58464496423813
613 37.35924539727324
614 39.75460149015807
615 29.655605403044646
616 36.1821088289502
617 37.886488575328194
618 30.095102564147584
619 36.84244154769742
620 32.491698543144345
621 33.93422131325995
622 39.11067920274189
623 34.406948890032545
624 33.508813920573445
625 40.82414351438617
626 55.51638670669099
627 39.36644050118961
628 36.98128520818354
629 39.85560786753186
630 31.137399601825273
631 46.98799576499305
632 42.80930018358934
633 34.98162626883281
634 41.603539836157374
635 40.953122426700496
636 36.67360708306607
637 38.79851897608457
638 40.582784251135074
639 33.45469265250752
640 36.26968828405512
641 40.390719388053995
642 34.81898010254802
643 35.3860166940769
644 34.45547778752965
645 33.00686631999716
646 36.464828640121326
647 52.980744024665334
648 40.95550000044548
649 34.74291664805835
650 34.11689889459566
651 39.543935013097894
652 34.126456272572625
653 31.60058189896595
654 30.62488052267633
655 34.662656548357724
656 32.74792858420439
657 49.272744600922266
658 43.10648139579916
659 33.51163507687414
660 36.690169432232516
661 42.271852254239995
662 43.07593757902738
663 44.88420223694231
664 38.51003614452314
665 32.987425878709594
666 40.16764353168499
667 39.82603623482669
668 36.99670843314454
669 33.662395312241166
670 38.92868373521504
671 41.39311953464663
672 39.30189960030701
673 50.34433764053635
674 33.44738193915579
675 39.19824610343929
676 38.118886634402635
677 35.717249267881215
678 40.68173431784137
679 39.87550770584438
680 39.62903664994158
681 35.66093731782631
682 51.26136628569864
683 34.56824487155845
684 41.860595242864875
685 39.26006105285445
686 39.85211137378394
687 47.059434359806275
688 36.74805064785358
689 42.08088714754216
690 35.494172634554424
691 40.87174431779796
692 41.32962761458149
693 34.65999400112577
694 43.646759709772056
695 42.927861364743286
696 42.385698257224526
697 35.97540874821937
698 36.07947605169324
699 33.99338941430116
700 34.6212261356114
701 33.76414658673182
702 40.14293697507362
703 37.52496959967246
704 39.11224405165035
705 36.28433647302841
706 35.04023337051878
707 44.75457636488126
708 40.64614417564749
709 43.106727708157344
710 42.66112248184015
711 32.87704270073246
712 31.83749679952949
713 34.13519635792039
714 32.161021459121365
715 34.061731501011565
716 37.87877495071363
717 48.76794808837474
718 38.8635490319589
719 32.71134251925094
720 32.36453951733844
721 37.81643428076375
722 37.38516453401152
723 35.69048029114185
724 34.65085304116739
725 35.840165889775925
726 38.88393847597392
727 32.052343762403964
728 34.62893528259651
729 49.168251915149085
730 31.136973881788634
731 33.90858980245843
732 63.218567295822034
733 37.561423789629146
734 46.03306696056949
735 32.83621301285827
736 30.038136682334148
737 34.08215260613197
738 33.20602903561437
739 35.26351804299707
740 32.01404679590012
741 35.24353640152909
742 41.81777023711458
743 35.309543511610485
744 27.84602188059372
745 36.49290408648076
746 35.13524536925058
747 29.93547444545436
748 38.71386301518172
749 44.458472191382846
750 34.40730905876276
751 47.193022193223705
752 33.4721422190426
753 37.36879668350137
754 29.989359590449855
755 40.70863686969928
756 42.325982525257864
757 54.02569874683371
758 32.235209626065334
759 48.4800574922471
760 30.403831644147438
761 37.77489361471897
762 30.77618495823711
763 40.284063306549406
764 32.277064114227585
765 35.7436531614255
766 34.865937982655964
767 34.880190507122386
768 25.992936231010766
769 33.60043315687823
770 51.74816326889389
771 29.043005638700436
772 34.571030389961585
773 41.740075417046086
774 32.33266762334414
775 36.79491661757567
776 34.95517254772123
777 36.9544569783986
778 31.275409252464122
779 37.15876537394212
780 45.45962419033471
781 31.475901266020742
782 30.636700825382363
783 42.17939366263019
784 30.386736187452854
785 45.8959692029048
786 40.41354526978562
787 31.000387287548197
788 54.475740707932914
789 32.03917200801653
790 39.577299833701765
791 37.804849077489884
792 40.46655850718896
793 29.892815908210522
794 56.69477649495462
795 43.92096375144762
796 34.09672102675963
797 31.583391797790515
798 36.07400748344223
799 34.370687592401296
800 27.5461997739864
801 50.17133562722585
802 31.00368651365483
803 32.96124861079431
804 37.9219347259478
805 36.36483576590493
806 36.18949023853764
807 28.89356237172088
808 38.87822747331718
809 35.95939683037171
810 47.186021240977844
811 43.4492817371087
812 33.79896966711421
813 41.10360745338825
814 49.726906593457926
815 41.38140192018019
816 39.75688098516234
817 28.283228283723105
818 35.10721165471603
819 45.2825221664619
820 43.68520395996778
821 41.22072949402878
822 40.39055078957377
823 33.92646708110475
824 31.791060128712644
825 45.17910846763369
826 35.90897877875615
827 32.68181959940172
828 49.821020659479096
829 37.411875148349374
830 36.153398225089056
831 40.132842154332174
832 32.56697059987686
833 32.14155022151088
834 32.59378926665785
835 33.97561063439797
836 45.082332007211185
837 37.68428417812938
838 42.807342320790035
839 36.560723162964976
840 38.6043173103539
841 32.086579951817896
842 37.71156068616113
843 32.438807983089774
844 35.93036323394872
845 37.56834294801529
846 39.46575143759074
847 38.43676464747962
848 35.33750023615167
849 35.46509764817322
850 33.11347179043724
851 36.301619670464255
852 48.5824755139853
853 32.503249765920344
854 34.32231041720909
855 38.11202731769903
856 40.12411045258788
857 30.963923463971007
858 34.787741642376744
859 44.69262426627745
860 39.01142175254481
861 42.998605850173035
862 32.767340088433116
863 32.71851998360965
864 33.90165551806757
865 45.198563355630355
866 32.83519079299288
867 35.197887333238775
868 37.009454354871664
869 34.76397030594189
870 33.628087913839835
871 31.765982141605647
872 55.90609010663903
873 41.83993819474207
874 38.63273942932408
875 31.43115278078417
876 36.45360937585857
877 31.36748454815004
878 36.127314286344046
879 39.53581678230784
880 33.52770160439393
881 41.514411300954464
882 36.525210267324546
883 34.27914425024869
884 33.01967339963597
885 39.36319246250319
886 44.18802709204073
887 32.895055507851694
888 35.20342059459076
889 36.50360708981274
890 35.05771838330174
891 39.27910489941967
892 36.21872852995138
893 35.094507914502415
894 29.422589760234676
895 32.03045204113526
896 37.928265044213276
897 50.666203647395086
898 31.429368487214692
899 41.72355815329439
900 66.49185866412488
901 33.44808780653798
902 41.35916301300578
903 29.10347912586667
904 34.777954723607365
905 46.61180902730059
906 34.183595285027785
907 34.391977485255424
908 30.38541432979263
909 31.487975651558745
910 34.63187983004031
911 33.5176679705058
912 35.78880645226289
913 33.21879708080978
914 44.86609933829033
915 41.73544751547966
916 33.93008389588005
917 39.102051822489365
918 34.363125236842514
919 29.694752954822448
920 53.17126473078799
921 34.566002549271246
922 35.58900363702483
923 30.087818190680004
924 39.79852438680046
925 32.47973639344281
926 50.666445512083605
927 40.441833683569754
928 42.18702403320478
929 35.513148491429625
930 40.12521766640797
931 39.88921916248567
932 37.18501758394593
933 71.1118008220848
934 35.28030926745727
935 35.01060234794967
936 32.47263953519853
937 41.22825294794655
938 32.06305250677692
939 32.83583457546542
940 38.15158436218245
941 35.56052441164862
942 42.42055022074028
943 36.79996229755758
944 43.7062729430598
945 50.16642758531608
946 38.77585638787877
947 35.95014604801962
948 39.32663640679709
949 30.488638375483383
950 43.513102973567754
951 38.69543346971278
952 35.894318053056956
953 55.94791864854982
954 48.28917661529941
955 37.40361435907543
956 35.132659258045464
957 33.857223785601
958 38.55010115991241
959 36.734512273014204
960 44.77439584470428
961 34.93530867043058
962 40.08627727902228
963 42.06871981225285
964 40.51535263228061
965 35.04180929534602
966 36.87307479280089
967 35.9305796734954
968 31.920442201621952
969 31.334600409069893
970 42.08507962145871
971 29.927879030627867
972 36.78760822643139
973 37.12976846673563
974 36.76190035707892
975 31.133091269712036
976 33.610816063243014
977 36.24378913850896
978 40.049360016508444
979 35.179046932138625
980 37.15436438101321
981 37.97103339075406
982 29.196597252144294
983 29.941888452908646
984 37.90653564998749
985 37.46571694880918
986 36.04169662965743
987 46.12580289452267
988 38.080034802001876
989 31.943128458063192
990 39.645031330473365
991 41.47608020988296
992 32.01030971623107
993 37.24630021890526
994 34.73344298239957
995 36.5413488456721
996 34.767741729972585
997 49.66480311500653
998 33.35855884789407
999 34.623532542135074
1000 39.41254262584189
