1 806.8074992914734
2 704.9633277120897
3 907.5198339358701
4 1116.4834403796988
5 675.5242503552353
6 339.12421112172575
7 536.2972271666033
8 1376.053055223891
9 596.4403190422133
10 628.4705479045316
11 1018.3635729396414
12 1109.28276456384
13 767.7841667012765
14 1256.6513884685019
15 583.9915506177845
16 487.05672827910206
17 873.1311184202315
18 1010.4423998795965
19 616.1529058235133
20 643.538615908096
21 656.1850108175281
22 1420.3349960217238
23 794.5655439894803
24 1124.766539780083
25 583.3414596555921
26 846.6078006484637
27 661.510549461421
28 1016.806087755377
29 707.115321244078
30 1322.8602112113329
31 506.4452132283628
32 983.4317254555574
33 834.3942750719627
34 1158.0349678486352
35 570.9859801519392
36 1121.256140379089
37 1225.734828716368
38 691.9192622794691
39 807.6122481142621
40 666.9489369762595
41 926.0779494606602
42 920.6383182910376
43 645.0988355540732
44 260.8607119996352
45 1276.1803722654543
46 845.7245598960045
47 441.9306605138231
48 881.1674477371521
49 980.7410963276278
50 805.9069047883725
51 543.7271430158065
52 141.3919170437637
53 778.3722192589373
54 1281.124526947331
55 762.199306956561
56 1027.4112258882099
57 716.4194086227616
58 648.3977601097957
59 731.4577576893831
60 651.7182186867961
61 562.6444643718188
62 984.3131233655712
63 752.9494892581619
64 1063.566367810564
65 857.4199322302889
66 1171.9803088387364
67 1246.100407455515
68 894.7109103900334
69 722.096140043525
70 675.8042371090744
71 703.9041293913939
72 906.801656133369
73 596.7239781519492
74 736.1663084241904
75 831.0823916097204
76 700.5718795519774
77 1041.7114348133364
78 1128.864629099766
79 765.7198366585621
80 912.6971158545168
81 635.77518632175
82 751.759547346428
83 657.4117611479616
84 581.7652357472994
85 752.0115405465947
86 483.9828346360652
87 561.691970456443
88 1037.6841406551364
89 283.85588741917036
90 411.41870976704297
91 818.7026546107049
92 736.0029615875217
93 716.8585821183758
94 1836.555842446223
95 1038.4956488502557
96 364.45902760675506
97 932.2450980609756
98 853.3400937264538
99 454.22340132820165
100 1184.2497685962328
101 849.2530262240796
102 433.6365335145518
103 502.550897628643
104 929.4265519053661
105 761.9528369403607
106 1036.2871614540422
107 797.6016856870683
108 749.8045413725787
109 1252.7125663773702
110 1218.148732803403
111 931.2811864709495
112 295.4629270019969
113 1011.1644891197955
114 1260.2986075961733
115 1057.1345985339558
116 1409.6906592864425
117 1530.8493428036609
118 830.8672367260073
119 483.90034132878225
120 704.0076636575715
121 864.1284439893096
122 917.8893145965416
123 590.9377587763357
124 402.72766991129015
125 565.0662234213386
126 928.095689951519
127 876.2498771791383
128 1038.9749259219523
129 778.9508258686201
130 651.6774108872389
131 1243.6387973108656
132 528.8065194466612
133 794.9155490600888
134 1102.0074351910932
135 677.3346135079631
136 1061.151125784021
137 487.7776070893257
138 694.8726068285331
139 498.96930480819435
140 905.124519188292
141 906.7328217461176
142 975.871948232518
143 250.84296398153174
144 956.0457328082426
145 994.436804124267
146 719.9474322855301
147 1207.5701021305097
148 1281.1728104735305
149 1069.340825488451
150 762.9110742857138
151 748.7148718488431
152 1148.7440164616198
153 901.4797216086446
154 927.9154970246914
155 913.2369449076136
156 872.5441225164598
157 432.12448964909214
158 631.4681176037889
159 637.8464694333211
160 1148.4573174861082
161 1173.5861189907232
162 674.7512421001699
163 885.419085648097
164 889.6600689532926
165 577.0840103334712
166 380.29707435269415
167 391.9396460513008
168 1039.3815729348814
169 430.2786115499813
170 679.3847992980617
171 911.2350145499618
172 606.0316493889817
173 427.3450973241126
174 1173.6916827435978
175 792.6129291310399
176 831.1842702219657
177 942.946662572188
178 810.6588515067994
179 1025.3016700020412
180 600.3286224100266
181 1100.2468047289715
182 666.1916941396747
183 887.4619031686054
184 1020.1775358715296
185 483.6301499516891
186 817.8524010360533
187 823.7288840494052
188 1171.3672913821758
189 1118.0284840315792
190 631.8947119087835
191 591.0271387149505
192 815.4368448671358
193 889.2745141066264
194 532.8718625671329
195 953.1584560221954
196 359.00159324431957
197 458.21695495040655
198 1043.3778048865913
199 890.8245246510265
200 876.674813838655
201 901.6595979523884
202 735.4551295867285
203 617.4672874191706
204 925.5372573104237
205 490.84444711426454
206 381.91479170772004
207 1132.296751857163
208 915.3795128738559
209 620.6659494131109
210 497.5486543983402
211 1204.225734491157
212 536.1647396148837
213 690.2761362023973
214 1058.4313819614385
215 172.12004797340913
216 854.8587795701113
217 890.2642410913539
218 650.2510365300036
219 908.7893027163949
220 623.5851132298475
221 650.2116456361198
222 700.9022669336445
223 931.2672041384039
224 1248.7721100156693
225 527.7947247328024
226 979.1067975195598
227 612.1028505198101
228 963.8072994840279
229 706.0683130063665
230 843.9230998314774
231 788.5081933146206
232 849.1245181374934
233 678.474187844417
234 934.6727787349184
235 781.8872317996104
236 1045.2846215654245
237 305.78647304081176
238 1429.4515779998212
239 920.9639350419051
240 603.9561436010891
241 1163.7308865492919
242 501.8966883389932
243 932.4733794881006
244 683.8357679828567
245 569.1685947179428
246 1109.235737006758
247 658.76015845285
248 647.1413619609584
249 880.782342412188
250 487.47243614010125
251 1042.2807985929137
252 733.1555841196532
253 352.61318319292855
254 866.4816800179988
255 454.78437176258115
256 547.5165929744107
257 853.6381620832284
258 661.0137847179512
259 696.9070697655728
260 893.3646654731723
261 1035.6101428854965
262 649.8599366305739
263 597.9352932165169
264 714.8783776147637
265 1160.1559240376866
266 290.4334745724166
267 452.2877613655529
268 797.3161750184998
269 486.1862749721684
270 946.8068506024576
271 836.411557426935
272 1409.041097559226
273 767.7525949715584
274 438.18419379758325
275 899.5856844749835
276 334.8479427009717
277 413.9361737566551
278 1216.0005677462211
279 812.825914349804
280 1271.1619887619609
281 981.7201272614825
282 469.6844785887002
283 601.2654657995195
284 961.7840712166493
285 1042.7312882229774
286 1151.401599156914
287 544.6585484874522
288 443.3910488346277
289 1365.2744206509062
290 833.721707737464
291 1277.4239036348222
292 811.8257358511192
293 206.25999052390242
294 1199.1388042936135
295 514.4326385159048
296 1159.1035015385066
297 376.43409477625346
298 961.6976435238162
299 1207.980220443686
300 998.6021346484241
301 442.68669636365547
302 616.3273434189942
303 969.9557634333064
304 855.8976542806656
305 747.7341301493927
306 672.9537211597604
307 830.0816543764987
308 463.04717442586315
309 903.8068550857558
310 398.45565526078525
311 692.1705008504557
312 852.5999780341654
313 1077.0941016570127
314 615.402203907531
315 1308.3320992346103
316 1212.4791936482193
317 650.1460059391944
318 494.03036877589267
319 855.1478050222782
320 544.7111106838466
321 691.0182189425384
322 784.8584196806709
323 798.2087125121539
324 837.8705715041057
325 757.0594661004849
326 752.9557000037908
327 1712.6117356689595
328 852.8431957871086
329 949.4071360305086
330 603.1237580031512
331 1116.5563636583172
332 1188.4977873851071
333 511.50147959119516
334 840.7049446998636
335 729.0767622601351
336 1003.790477153418
337 1149.880907363839
338 615.1723573430288
339 575.5613146964696
340 946.9783027184052
341 691.6764803810322
342 370.69884179463116
343 1211.1162355638407
344 1200.210756830527
345 322.12080323655965
346 515.8493976819764
347 840.8199441915838
348 610.8406167331373
349 444.15796140809704
350 1021.7841571870181
351 367.09827369071286
352 293.5305608020405
353 795.2691127331593
354 951.2878921722665
355 483.2368334296834
356 747.2044976375223
357 1029.0224613556634
358 567.8252111120528
359 626.7747565841621
360 533.5869686620774
361 168.28474220714418
362 511.34137390369716
363 1151.9529854202578
364 1095.1669213510474
365 637.973676713856
366 657.1126246833289
367 931.55445220389
368 756.4864123978239
369 735.699674348808
370 995.8704832524431
371 603.5993900443573
372 734.4611705127818
373 1009.5231173943926
374 656.1518491048723
375 647.4427944574586
376 1215.9322462040632
377 870.309458447929
378 1252.102566968187
379 836.200026320538
380 869.6138515130542
381 642.5481462030057
382 234.09697074077886
383 1271.0411500089995
384 756.6819986298063
385 180.27157610047425
386 739.255907381455
387 1261.6220831983703
388 634.8335952235476
389 489.9571498779965
390 623.9721269787499
391 966.3251768348919
392 987.121388931991
393 742.1368746341594
394 1093.5315527700373
395 571.7537617486545
396 525.8365790468101
397 453.15087942860936
398 1054.1291322640902
399 1082.908041093189
400 1190.4579350442734
401 847.2386924594198
402 900.8672001473342
403 1344.186047373448
404 739.772495111051
405 558.3827550437862
406 1083.5888456080347
407 822.0519205843278
408 766.8371608419549
409 899.7378673427056
410 1097.7472421781617
411 972.9705109422486
412 825.6277289878088
413 799.9894098429838
414 1000.3675749856809
415 1013.6756852535004
416 853.109147253089
417 690.357394438879
418 1712.7587129166734
419 1130.3809654929871
420 642.9073856589363
421 1106.9434717467987
422 659.1309545602812
423 966.573766601712
424 703.3483445042267
425 956.092835724183
426 1243.3146382250889
427 800.076679391558
428 610.6382957100581
429 750.2211500165445
430 572.3186513426541
431 1165.737068440948
432 1731.1890863741662
433 972.6818452935153
434 277.6126123110341
435 638.8102526030415
436 1083.4277541508106
437 887.3026999896866
438 326.9470973499022
439 670.9057076123354
440 1106.9642676592998
441 593.1086178250264
442 1567.1531792575786
443 1143.018117685252
444 961.2379961882311
445 544.5320121102629
446 1247.3451385411797
447 1025.3148014378505
448 1256.9994170498237
449 431.9826996431864
450 939.0033869837398
451 746.7090551362129
452 1124.8630406564905
453 884.0658266240721
454 1262.9255847331171
455 917.0534166813662
456 614.9572427193035
457 589.7424019813192
458 1268.010687201831
459 824.2639561896951
460 468.4058082596995
461 705.7195038061183
462 733.8336466967718
463 1067.5347846724355
464 1257.9682730106686
465 770.5389293426355
466 757.2987360221334
467 729.9032098011254
468 960.1733534546653
469 774.0488381176733
470 782.009482831549
471 893.3947780292236
472 822.4491605706738
473 389.2110378233253
474 1089.191644709003
475 624.1586075653181
476 720.266548495746
477 1263.3508443016615
478 816.1854136906347
479 850.1465037174894
480 454.3263663726324
481 466.5702318268777
482 1000.2637100104349
483 1220.7986507399587
484 1110.1558360992944
485 1193.3390186097974
486 361.0801150954531
487 482.94725099423783
488 410.73588224493426
489 1011.1435909468023
490 982.3910074600825
491 916.7455301635131
492 384.42633213584423
493 852.3606860122584
494 678.5852035627985
495 851.2663278504403
496 667.427253519519
497 638.9657394719911
498 507.10003169801996
499 1362.2205905760286
500 485.47218385357894
501 1116.3104803933336
502 649.6866042141544
503 1088.6325923751288
504 485.9479836840896
505 732.4846724136204
506 741.3449590283566
507 746.2753695662738
508 1063.1497489749338
509 691.3394018430332
510 758.4639719845294
511 690.423337170791
512 625.6082262779393
513 604.3900153021702
514 1158.7996607079886
515 388.7290773320188
516 786.7457763866705
517 1029.6775092804758
518 870.5187271713925
519 1350.6191973420073
520 463.79756076223634
521 648.8917995453014
522 639.9689801347979
523 1489.3736908484175
524 141.71321348420702
525 874.3305484517233
526 1125.3436092690472
527 1186.2517241075402
528 1298.1224663485998
529 655.1139443464089
530 867.9342525761443
531 917.6541954107349
532 880.2242773271023
533 592.8124699947996
534 621.327468596744
535 519.1947164518696
536 1137.8440240576083
537 921.1135988487089
538 891.3737752419676
539 941.9707278804603
540 759.8394046609412
541 434.72085289504537
542 1278.584010515022
543 1161.637998757864
544 770.7794624883908
545 967.7365649313161
546 760.4723990688022
547 780.5232658972925
548 759.3804037105333
549 1249.1147289130502
550 714.5273356217783
551 496.1992474960232
552 846.7592727753988
553 869.7618624218915
554 982.0289161029718
555 466.5866630553786
556 310.91746477482917
557 829.9819131283458
558 610.0056722287451
559 1001.6124834472872
560 408.7876630901967
561 527.684411505836
562 1164.1356335428213
563 945.6330897481239
564 844.4742487313001
565 741.2774574747242
566 448.21722996766647
567 793.5538674829711
568 567.609649517724
569 749.6099103404223
570 548.2659370628951
571 826.9604655958694
572 898.2359237488209
573 939.7687779924345
574 1095.7771874747116
575 545.7229179910519
576 820.3410287783295
577 872.3416340335117
578 1045.3466105619423
579 731.6765639998512
580 807.9697306193938
581 741.5650112389466
582 1047.6543283715168
583 478.862049656933
584 665.2568719105841
585 958.5113918069901
586 1359.6710188288405
587 582.37696802619
588 764.5404633540077
589 395.328182284343
590 579.5834815694468
591 953.243399699452
592 953.4569801689506
593 987.0344198523427
594 1244.5911881632544
595 782.0636798529117
596 1096.846665904297
597 789.6695250619132
598 902.2770495418129
599 807.6443883264169
600 848.0598973994626
601 914.6453470758631
602 510.8580300172606
603 714.2596905964864
604 640.9967177413627
605 843.2782101980184
606 768.0539406876363
607 488.27450415894884
608 567.5991027172346
609 706.9136951884828
610 696.4511703462599
611 721.598239542414
612 971.4747110273831
613 743.069236876857
614 292.6797216521757
615 648.0244935048254
616 885.002981210716
617 949.0806619479089
618 1232.3233645467053
619 948.4586433212986
620 872.2284154786308
621 1104.1201668043811
622 1014.1206720453256
623 559.860682488475
624 771.63231437738
625 1318.5737595220128
626 501.7566629978916
627 1034.6105062425183
628 722.8756977971067
629 757.4429236626102
630 548.0587084811864
631 726.8334533287739
632 995.978403696745
633 408.47159451579626
634 783.2874812205173
635 682.7811500363036
636 428.9317761518825
637 1093.7358678105206
638 703.0351666291704
639 216.76665264664513
640 699.02041861559
641 785.6788852466365
642 724.5596421792043
643 438.04556993570293
644 764.3642714999002
645 1202.0538743647128
646 737.0995166068482
647 946.5688184211974
648 742.3925746139397
649 961.4682195413577
650 1275.043256367151
651 827.7692370809955
652 950.0467265445769
653 1045.953035213979
654 948.6647681235304
655 1249.2005761836317
656 757.950323697238
657 820.0601766052096
658 908.6816030216529
659 738.9609801185924
660 1013.1471964676116
661 666.0938733844724
662 1192.3813871264674
663 842.6180082667441
664 483.9044911735418
665 326.3349655176844
666 926.8102743366769
667 579.5442178316655
668 1178.7318694182734
669 600.1891205491418
670 663.5786645962817
671 1227.1791053659376
672 1228.6583777987962
673 937.2266602144363
674 872.1111103735217
675 725.3702690878205
676 910.5409268316745
677 972.3786220899389
678 420.0081221030979
679 1025.4017105045118
680 766.6638027776594
681 628.7654761607032
682 849.3923397269979
683 443.61621168633707
684 748.730175400185
685 975.9090771639735
686 703.1723591281273
687 757.5183458112438
688 1016.2187020591319
689 1034.821542329351
690 1163.1391707450834
691 1015.8272476863559
692 620.7752834501022
693 851.2459778979129
694 1314.1610565196534
695 1102.0309254361432
696 1282.7383297575193
697 791.7785414564983
698 893.6735013396657
699 579.0194469795637
700 881.9639624427508
701 1268.4535050505906
702 1351.41150424421
703 879.3359819182429
704 1197.4346235377893
705 999.8598286940553
706 377.54950355723827
707 979.6208191532103
708 876.4191430263103
709 822.2777495306309
710 474.02628807379347
711 1120.5875668156264
712 746.2987342032802
713 955.263912238737
714 564.2341821613169
715 508.11177180633035
716 959.3004855873841
717 925.6982690912849
718 796.7644191477361
719 764.0390414338469
720 1343.0505690913078
721 717.6887359197917
722 953.3155285276255
723 435.0620951962939
724 530.2605791894259
725 825.157746453624
726 460.55519276180195
727 641.997650545968
728 1245.4683418756995
729 666.9687457934132
730 1087.8600888468018
731 876.3397033027599
732 478.90698551196704
733 1264.5405646695513
734 237.53229273862283
735 549.2831043560055
736 906.6703481475802
737 1773.5900591756101
738 436.12088046607164
739 481.04329203309624
740 701.5639961338632
741 784.9285570248627
742 735.9301721631915
743 874.6090409654048
744 1081.3643260769595
745 786.7622502274872
746 560.1456486993782
747 890.6534942514676
748 623.8442902857763
749 1064.7069591643656
750 987.4496197768475
751 919.4407944765895
752 452.5209356279592
753 917.3934801339756
754 902.1635529057288
755 786.1599216497817
756 737.6024626014085
757 859.5240063188207
758 1092.021099197502
759 378.6443903849256
760 509.898419296147
761 507.2481577264242
762 801.0125354772204
763 574.2371360487177
764 1212.9976078558552
765 764.5584183820299
766 461.5781681779645
767 673.2383017566248
768 1294.26304817985
769 956.3499424003772
770 240.07040370954945
771 384.4835386290186
772 835.6129298478095
773 754.2875898006339
774 833.5756092962448
775 1306.8210282827479
776 613.39540026565
777 1216.911269775198
778 1523.2642923243607
779 564.2161394171618
780 1144.379478846953
781 786.517693860778
782 1075.2554616749057
783 1305.4070111518067
784 681.1830250758833
785 1002.5732431754462
786 636.9840464146544
787 1066.484402416585
788 1604.447979652497
789 948.0297230750612
790 1016.7048122751946
791 406.2810583893318
792 1168.2724388941856
793 414.55289091261807
794 712.0982744309667
795 190.5970686355093
796 462.012186395118
797 556.8921039949021
798 764.5300198625412
799 627.6545091777011
800 639.0373522808364
801 1048.690790898582
802 755.3440677324434
803 483.613282870251
804 778.153445494473
805 380.88009913054253
806 1194.6636780248843
807 815.911070570024
808 828.304322317689
809 1370.7396592296304
810 1138.1997035421637
811 1080.2837724475917
812 449.15605951605653
813 603.3905039917828
814 456.12486032893355
815 901.098776856475
816 293.8822276789187
817 802.7869653189857
818 861.5541994758277
819 639.7009291703015
820 630.5058455561143
821 968.1555982042617
822 485.9490372799068
823 939.9210943786833
824 941.1398702792363
825 555.963219872863
826 771.2999358561771
827 1412.570881192216
828 1132.9127707487557
829 859.965445503194
830 1095.85172273168
831 1167.511964598628
832 360.1628261866274
833 855.1721150318048
834 453.72705965624715
835 1281.5890567614817
836 580.3938519116956
837 726.6016261767788
838 377.3957468245219
839 722.6617232286903
840 1658.813587555124
841 655.3230409453706
842 822.0068793349856
843 585.6325342079057
844 567.6206405454918
845 738.0331957751488
846 673.3280477787418
847 867.4638563864161
848 988.1365494498199
849 668.835206497726
850 933.564093216591
851 1091.3408651279744
852 498.4976314185294
853 903.6103261655308
854 510.91959584405896
855 832.2109651152124
856 1025.1354034854016
857 761.7731472599422
858 949.4494543163764
859 232.98405509164462
860 787.2921046475213
861 742.7793250618536
862 973.8392425427129
863 1139.6799908332273
864 603.7271678217406
865 707.5096466240251
866 970.3584071956209
867 1123.47395524116
868 498.2653215336154
869 617.8124762866961
870 229.22767384549448
871 383.54789678251933
872 716.7464442024357
873 330.4910436760361
874 646.6844623915083
875 810.299522404072
876 770.339157589343
877 824.3562204428473
878 702.451188712789
879 957.5741701672696
880 447.25858501979906
881 1059.4963256822402
882 524.6663608652345
883 582.4589140419359
884 1073.0080257698771
885 785.4340141667927
886 1061.7553347455341
887 714.9544706907893
888 1311.0228398906481
889 447.38085973275014
890 740.4044986859167
891 875.8507792142038
892 702.6499999919455
893 1037.6421797034345
894 1223.7551199203003
895 1288.925846404928
896 707.8380825142435
897 1281.5483179034222
898 623.6837416693774
899 1121.5676969152416
900 1034.2975186662954
901 517.3954526131347
902 824.2718791153393
903 681.4510584533402
904 825.0451331379722
905 438.37035827742454
906 472.5089197984308
907 983.5252214190413
908 579.4244076895972
909 995.9160417455745
910 1289.8522652142453
911 229.25268545124987
912 528.6428271147577
913 856.689685333632
914 671.1045543157676
915 946.9251953634332
916 1214.5633445415845
917 1221.562972342321
918 1297.5598087937008
919 705.6046879645065
920 1372.7046866276632
921 517.5040969546903
922 685.7241785586508
923 144.4313776632652
924 1059.899614880229
925 913.221752236485
926 820.2207619718206
927 1181.539441346634
928 1138.0040293641466
929 319.39171789524164
930 697.9368277500892
931 1039.6052876597414
932 769.5487697184091
933 581.1990256492838
934 1333.214166039892
935 1053.7785631953493
936 957.9033802535818
937 547.5935672874662
938 686.5173098713702
939 765.5463257635809
940 838.3718818482342
941 633.9958119446336
942 640.6522967187783
943 701.7521890798406
944 811.917236495726
945 570.6321568592167
946 646.3599006283149
947 461.58348305217913
948 770.4290501919344
949 903.5726289731556
950 581.782304524829
951 606.4790262999212
952 824.270310485763
953 785.424211148067
954 559.9566882446185
955 984.0457411100174
956 742.3414498852874
957 1045.8064500190271
958 588.8045537585779
959 321.24798811365366
960 635.1751124805904
961 934.1702768643489
962 1018.8477524062239
963 497.56366318502006
964 651.1296786233344
965 390.6237768823715
966 582.2059483479401
967 538.5920668832852
968 814.7985747409515
969 1158.5798120299794
970 990.4796341373547
971 920.3920075724557
972 1118.3655845666483
973 823.7561576193291
974 1306.4063735726347
975 489.01658479781725
976 468.3375743458941
977 890.8486355458117
978 1253.0837828774747
979 949.719366597944
980 969.6623099174584
981 746.7292573662713
982 792.5509199200228
983 927.1356636736654
984 726.4406977241662
985 922.7393701265438
986 1203.1469859402046
987 809.7143612641312
988 670.3704993714565
989 654.5752419572708
990 866.1159549328039
991 590.0789397731277
992 1183.4853543894135
993 1104.350144165619
994 604.7766069629172
995 1193.5241115471647
996 1133.6422825769816
997 1075.2979783594337
998 1060.9311987629526
999 638.2737490035315
1000 717.9016157911652
