1 0.6276041666666666
2 0.6842452208305867
3 0.8081580624601657
4 0.6991978609625669
5 0.4771115409413282
6 0.2556781310837119
7 0.4381877022653722
8 0.8829300196206671
9 0.43992120814182534
10 0.5554072096128171
11 0.813847158719791
12 0.7824402840542285
13 0.8133418858242463
14 0.8564993564993565
15 0.5804783451842276
16 0.40600522193211486
17 0.6912235746316464
18 0.7296082209377007
19 0.5801324503311258
20 0.5647668393782384
21 0.5452196382428941
22 0.880722114764668
23 0.6351531291611185
24 0.7703134996801023
25 0.4387556707712249
26 0.7634910059960026
27 0.5698647778493239
28 0.711139896373057
29 0.7725816784112748
30 0.8738379814077025
31 0.4945196647324307
32 0.6999351911860013
33 0.7840103159252095
34 0.865979381443299
35 0.37254901960784315
36 0.8260309278350515
37 0.8621134020618557
38 0.5762599469496021
39 0.6404040404040404
40 0.430484693877551
41 0.7024358130348913
42 0.728744939271255
43 0.7930599369085174
44 0.18968809675366008
45 0.8419333768778576
46 0.7459703417150225
47 0.3776178010471204
48 0.8064516129032258
49 0.6142198815009875
50 0.8184210526315789
51 0.4837618403247632
52 0.09164639091646391
53 0.6895213454075032
54 0.8341013824884793
55 0.7215836526181354
56 0.879344262295082
57 0.8294524858401511
58 0.5843648208469056
59 0.5061889250814332
60 0.6616541353383458
61 0.42350623768877216
62 0.7913621262458472
63 0.7369791666666666
64 0.8677144728225278
65 0.6351174934725848
66 0.9123269611074489
67 0.8691588785046729
68 0.7891606080634501
69 0.563249001331558
70 0.7454780361757106
71 0.5718997361477572
72 0.6603650586701434
73 0.6759020618556701
74 0.6580310880829016
75 0.6902713434811383
76 0.8093994778067886
77 0.7537557152188112
78 0.8828125
79 0.7177157689811811
80 0.7535301668806161
81 0.536664503569111
82 0.7287268074216251
83 0.6221349050425671
84 0.49286640726329445
85 0.6938511326860841
86 0.40264900662251657
87 0.5469468154957321
88 0.8665785997357992
89 0.17486702127659576
90 0.20257234726688103
91 0.587375415282392
92 0.4241011984021305
93 0.6989459815546772
94 0.883235485975212
95 0.6324786324786325
96 0.2742561448900388
97 0.5956320317670417
98 0.7520661157024794
99 0.5201298701298701
100 0.8210526315789474
101 0.7295885042455911
102 0.20633893919793014
103 0.34442270058708413
104 0.6237244897959183
105 0.773109243697479
106 0.9169349645846748
107 0.7871643745907008
108 0.7038461538461539
109 0.7830374753451677
110 0.8226018396846255
111 0.7092105263157895
112 0.16897689768976898
113 0.881060116354234
114 0.7902051621442753
115 0.9022653721682848
116 0.8495114006514658
117 0.8480589022757697
118 0.72703917790623
119 0.5577299412915852
120 0.7907732293697206
121 0.8025641025641026
122 0.641042345276873
123 0.5375571521881124
124 0.32934131736526945
125 0.643370346178968
126 0.8040364583333334
127 0.7551020408163265
128 0.8183023872679045
129 0.7300855826201448
130 0.391021470396877
131 0.9014647137150466
132 0.5532055518836748
133 0.6564136125654451
134 0.8403090792015454
135 0.5300653594771242
136 0.876043673731535
137 0.5545395166557805
138 0.525369299935774
139 0.406509253350351
140 0.7948885976408913
141 0.8735705209656925
142 0.832901554404145
143 0.1727989487516426
144 0.626984126984127
145 0.7795838751625488
146 0.8353619474695708
147 0.7261437908496732
148 0.7971204188481675
149 0.8090485695276114
150 0.6382978723404256
151 0.7230667547918044
152 0.77269800386349
153 0.8200782268578879
154 0.8083714846304775
155 0.7731691510045366
156 0.8651102464332037
157 0.2821656050955414
158 0.7286922576447625
159 0.48358585858585856
160 0.8044914134742405
161 0.8476736775015934
162 0.5546772068511199
163 0.7752880921895007
164 0.6404931862426996
165 0.5081645983017635
166 0.25806451612903225
167 0.24628312863606983
168 0.752858958068615
169 0.20221787345075015
170 0.7320605661619487
171 0.6611405835543767
172 0.4346128822381262
173 0.32529335071707954
174 0.7917214191852825
175 0.6766040181464679
176 0.7815502882767457
177 0.7364644487932159
178 0.6357000663570007
179 0.863517060367454
180 0.467412771560237
181 0.8518272425249169
182 0.5463383020090732
183 0.7192982456140351
184 0.8425449871465296
185 0.47348242811501595
186 0.7649006622516556
187 0.7444231994901211
188 0.8857518056467498
189 0.7647058823529411
190 0.4723618090452261
191 0.660941475826972
192 0.7522996057818659
193 0.6467181467181468
194 0.47603626943005184
195 0.7964774951076321
196 0.22769640479360853
197 0.31266490765171506
198 0.8652714192282538
199 0.8185378590078329
200 0.5567077122488658
201 0.7791959157626037
202 0.6953947368421053
203 0.5191682910981157
204 0.7902813299232737
205 0.524904214559387
206 0.3970013037809648
207 0.8592736705577172
208 0.6882003955174687
209 0.5435073627844712
210 0.4412532637075718
211 0.8461538461538461
212 0.7410071942446043
213 0.5374592833876222
214 0.7857613711272248
215 0.09011627906976744
216 0.8615384615384616
217 0.7855763039278815
218 0.40105540897097625
219 0.7912873862158648
220 0.5507433742727861
221 0.7134540750323415
222 0.4573091849935317
223 0.7495183044315993
224 0.8724656638325703
225 0.47558528428093644
226 0.8462557985420809
227 0.5157152020525978
228 0.6924577373211963
229 0.4625984251968504
230 0.7511430437622469
231 0.7186684073107049
232 0.7429718875502008
233 0.5632107023411371
234 0.7945383615084526
235 0.6310679611650486
236 0.8573281452658884
237 0.2616699539776463
238 0.9046374918354017
239 0.8199737187910644
240 0.5654993514915694
241 0.7761873780091086
242 0.4820846905537459
243 0.7232258064516129
244 0.4398713826366559
245 0.5997392438070405
246 0.8014511873350924
247 0.5770513675783856
248 0.6992238033635187
249 0.7811131957473421
250 0.3942370661427636
251 0.8866837387964148
252 0.5870550161812298
253 0.303129074315515
254 0.6789644012944984
255 0.29446640316205536
256 0.4597402597402597
257 0.8642297650130548
258 0.5793237971391417
259 0.6424282855236825
260 0.7893020221787345
261 0.852882703777336
262 0.630859375
263 0.5615183246073299
264 0.612796833773087
265 0.8040103492884865
266 0.23322259136212625
267 0.31518257527226134
268 0.7174335709656513
269 0.5465041693393201
270 0.8541392904073587
271 0.745619727449708
272 0.8328894806924101
273 0.8609314359637775
274 0.4672544080604534
275 0.7047994740302432
276 0.33735747820254863
277 0.4957874270900843
278 0.8281653746770026
279 0.7305428384565075
280 0.8051349572086899
281 0.7946843853820598
282 0.33205374280230326
283 0.7016501650165017
284 0.7201342281879195
285 0.8148867313915857
286 0.8077922077922078
287 0.6340371081253998
288 0.30033003300330036
289 0.8571428571428571
290 0.7271540469973891
291 0.7688277668631304
292 0.5735392881128274
293 0.08557951482479785
294 0.8648473034437947
295 0.4118798955613577
296 0.8866449511400651
297 0.31797534068786504
298 0.8451612903225807
299 0.8772395487723955
300 0.7425301970756516
301 0.4104627766599598
302 0.5267022696929239
303 0.6967910936476752
304 0.6788511749347258
305 0.5990813648293963
306 0.3745819397993311
307 0.6600638977635783
308 0.4031847133757962
309 0.7994858611825193
310 0.33185840707964603
311 0.6395646606914213
312 0.5594594594594594
313 0.7883355176933159
314 0.5895334174022698
315 0.8360548661005879
316 0.8722843976300197
317 0.49901768172888017
318 0.4793814432989691
319 0.7980952380952381
320 0.6968529222864484
321 0.7017543859649122
322 0.6662162162162162
323 0.6775244299674267
324 0.7318611987381703
325 0.6375488917861799
326 0.5478036175710594
327 0.8687002652519894
328 0.7336357744653272
329 0.8333333333333334
330 0.5858716785482826
331 0.8607512953367875
332 0.8896728672225785
333 0.44984025559105434
334 0.800383877159309
335 0.4822834645669291
336 0.8174083769633508
337 0.7893368010403121
338 0.4346701164294955
339 0.4475388601036269
340 0.6729917773561037
341 0.6757634827810266
342 0.3134715025906736
343 0.8151041666666666
344 0.8377837116154874
345 0.26658163265306123
346 0.5098915124441609
347 0.5766710353866317
348 0.5993527508090615
349 0.5082074852265266
350 0.7967320261437908
351 0.40496407576747223
352 0.27236580516898606
353 0.7313531353135313
354 0.6335776149233844
355 0.5054243777919591
356 0.7054886211512718
357 0.6957671957671958
358 0.5846544071020926
359 0.575333757151939
360 0.3663624511082138
361 0.11748998664886515
362 0.31277813095994916
363 0.8016960208741031
364 0.8206307490144547
365 0.5469361147327249
366 0.8067664281067014
367 0.7115885416666666
368 0.7565392354124748
369 0.6736429038587312
370 0.7354111405835544
371 0.400909681611436
372 0.5508090614886731
373 0.786234281932495
374 0.47928994082840237
375 0.7239144523655218
376 0.910761154855643
377 0.7771280051981806
378 0.8582625734813847
379 0.6983388704318937
380 0.6664429530201342
381 0.6716417910447762
382 0.19273927392739273
383 0.9016817593790427
384 0.5287723785166241
385 0.05063291139240506
386 0.4986996098829649
387 0.7857609405617244
388 0.5678524374176548
389 0.48565965583174
390 0.5557717250324254
391 0.642903434867142
392 0.8343156516044532
393 0.48143322475570033
394 0.8317025440313112
395 0.45603674540682415
396 0.360592401802962
397 0.417596848325673
398 0.8586525759577279
399 0.690522243713733
400 0.7653920933246922
401 0.6162483487450462
402 0.5762032085561497
403 0.8913467794404685
404 0.6464582003828973
405 0.4300653594771242
406 0.6895640686922061
407 0.6381578947368421
408 0.5962288686605982
409 0.766798418972332
410 0.8286644951140065
411 0.7501678979180658
412 0.8093333333333333
413 0.8394822006472492
414 0.8803139306736429
415 0.7694300518134715
416 0.7045895281189399
417 0.7452768729641693
418 0.9099276791584484
419 0.8750817527795945
420 0.6593548387096774
421 0.7895765472312704
422 0.5161917098445595
423 0.7775590551181102
424 0.5924479166666666
425 0.6881578947368421
426 0.9112426035502958
427 0.6766467065868264
428 0.5436456996148908
429 0.548941798941799
430 0.5928381962864722
431 0.7423152387181164
432 0.8993377483443709
433 0.7778501628664495
434 0.2366215344938749
435 0.7069076823757263
436 0.743046357615894
437 0.7493438320209974
438 0.3424301494476933
439 0.729747245625405
440 0.8603603603603603
441 0.6203947368421052
442 0.88671875
443 0.8285163776493256
444 0.7764782326185835
445 0.6332908163265306
446 0.8618205631958088
447 0.7072368421052632
448 0.8333333333333334
449 0.4045602605863192
450 0.8361842105263158
451 0.5741935483870968
452 0.8568665377176016
453 0.6316472114137484
454 0.8505897771952818
455 0.6494367130550033
456 0.7810880829015544
457 0.39555555555555555
458 0.7738726790450928
459 0.7238658777120316
460 0.44068919814446655
461 0.7302798982188295
462 0.662532637075718
463 0.8301886792452831
464 0.8380645161290322
465 0.607661822985469
466 0.6852693056456847
467 0.7495183044315993
468 0.8416988416988417
469 0.7516129032258064
470 0.7679948586118251
471 0.8090032154340836
472 0.716251638269987
473 0.18288700195950358
474 0.7240915208613729
475 0.5848329048843187
476 0.5832789026779882
477 0.8326719576719577
478 0.6773770491803278
479 0.8165605095541402
480 0.273186119873817
481 0.30333333333333334
482 0.7824653922214898
483 0.8355555555555556
484 0.760187040748163
485 0.8333333333333334
486 0.40346205059920104
487 0.35793598954931416
488 0.3758957654723127
489 0.7796383121232418
490 0.8292993630573249
491 0.652832674571805
492 0.44503664223850764
493 0.6829427083333334
494 0.58203125
495 0.6404931862426996
496 0.6069100391134289
497 0.5633709356337093
498 0.47914032869785084
499 0.8042895442359249
500 0.29889538661468484
501 0.7896461336828309
502 0.531084656084656
503 0.8239528795811518
504 0.35348226018396844
505 0.7120921305182342
506 0.6647546207775653
507 0.6544165054803353
508 0.730593607305936
509 0.7402431222008957
510 0.6050257731958762
511 0.5866752910737387
512 0.6416337285902504
513 0.38788659793814434
514 0.8797672915319974
515 0.3277634961439589
516 0.6801023672424824
517 0.7422950819672132
518 0.6853420195439739
519 0.8006666666666666
520 0.410958904109589
521 0.4552683896620278
522 0.5388634879163945
523 0.8806855636123929
524 0.07464694014794888
525 0.7923177083333334
526 0.8135479543930249
527 0.8959948320413437
528 0.8786692759295499
529 0.46194225721784776
530 0.6959635416666666
531 0.7726683937823834
532 0.6730515191545574
533 0.6631439894319683
534 0.40675763482781024
535 0.5041061276058117
536 0.767948717948718
537 0.8635477582846004
538 0.8326771653543307
539 0.70703125
540 0.6120077469335055
541 0.32978723404255317
542 0.7570876288659794
543 0.8511749347258486
544 0.8148622677770659
545 0.874031007751938
546 0.7387387387387387
547 0.710952689565781
548 0.844299674267101
549 0.8094327597195666
550 0.7174623937213865
551 0.47167325428194995
552 0.7188106011635423
553 0.6743878226340172
554 0.7750642673521851
555 0.4470967741935484
556 0.32801064537591484
557 0.8317025440313112
558 0.7374443738080102
559 0.7321899736147758
560 0.4600908500973394
561 0.5393623942745608
562 0.8715829624920534
563 0.9122014202711427
564 0.7971298108284409
565 0.7028241335044929
566 0.490234375
567 0.8411989795918368
568 0.5462239583333334
569 0.758
570 0.5162523900573613
571 0.6971925133689839
572 0.7503259452411994
573 0.7280471821756226
574 0.8957654723127035
575 0.6854942233632862
576 0.6601815823605707
577 0.6619170984455959
578 0.8351719662556781
579 0.5914473684210526
580 0.6620553359683794
581 0.7741116751269036
582 0.7239583333333334
583 0.20590163934426228
584 0.6725552050473186
585 0.7956636005256241
586 0.8689288090485695
587 0.5298752462245568
588 0.7276341948310139
589 0.39829396325459315
590 0.47972551466001245
591 0.723148765843896
592 0.7900194426441997
593 0.8282894736842106
594 0.7669270833333334
595 0.5610711952971914
596 0.7559366754617414
597 0.7205882352941176
598 0.7422480620155039
599 0.7647058823529411
600 0.6752577319587629
601 0.8835572616762636
602 0.3858731196860693
603 0.6170906718851924
604 0.7177835051546392
605 0.8308097432521395
606 0.6369047619047619
607 0.4104833219877468
608 0.5015792798483891
609 0.5836601307189543
610 0.7974193548387096
611 0.7735973597359735
612 0.8745896257386737
613 0.6859016393442623
614 0.32551908908238447
615 0.4801043705153294
616 0.8032679738562092
617 0.7283387622149837
618 0.8923679060665362
619 0.8354180381830152
620 0.7964889466840052
621 0.8709030100334448
622 0.8509677419354839
623 0.20586319218241042
624 0.7689747003994674
625 0.9077608142493638
626 0.5124124761298536
627 0.8397435897435898
628 0.666023166023166
629 0.5803513337670787
630 0.5449804432855281
631 0.8825417201540436
632 0.6569148936170213
633 0.38924870466321243
634 0.766859344894027
635 0.5943396226415094
636 0.44127405441274054
637 0.7238709677419355
638 0.6829581993569132
639 0.16654330125832717
640 0.7391025641025641
641 0.6835686777920411
642 0.5889691398555482
643 0.39331619537275064
644 0.600259571706684
645 0.7192408376963351
646 0.7532133676092545
647 0.867579908675799
648 0.6208031599736669
649 0.7255541069100391
650 0.8205631958087753
651 0.6054866100587851
652 0.6920052424639581
653 0.8188453881884539
654 0.8330109606705351
655 0.8764119601328904
656 0.6973509933774834
657 0.701058201058201
658 0.7679844458846403
659 0.5843568196509373
660 0.7857613711272248
661 0.5603960396039604
662 0.8568652849740933
663 0.891874600127959
664 0.42152466367713004
665 0.29080310880829013
666 0.7238219895287958
667 0.40699935191186
668 0.7670682730923695
669 0.4057217165149545
670 0.6610169491525424
671 0.776686313032089
672 0.7858559153998678
673 0.7428571428571429
674 0.725452196382429
675 0.7675496688741722
676 0.7572488199595415
677 0.7660401814646792
678 0.31640625
679 0.9106910039113429
680 0.6540755467196819
681 0.3672939649578196
682 0.7654808959156785
683 0.475093399750934
684 0.7694317439581972
685 0.6502590673575129
686 0.6895657809462087
687 0.7907128842380641
688 0.7950765136393879
689 0.83311345646438
690 0.7820760799484203
691 0.8960363872644574
692 0.49194068343004516
693 0.8972691807542262
694 0.844905905256327
695 0.8633986928104576
696 0.9220694171578258
697 0.5494148244473342
698 0.6912621359223301
699 0.3933680104031209
700 0.8362687540769732
701 0.853515625
702 0.8380513495720869
703 0.7273320287018917
704 0.7958656330749354
705 0.6573107049608355
706 0.29117259552042163
707 0.7192636423405654
708 0.5346858638743456
709 0.768918918918919
710 0.4791395045632334
711 0.9070825211176088
712 0.8576051779935275
713 0.8073979591836735
714 0.48358016741790083
715 0.44315992292870904
716 0.8629508196721312
717 0.7089108910891089
718 0.5861182519280206
719 0.6879063719115734
720 0.8210526315789474
721 0.6802900461437047
722 0.7454780361757106
723 0.34265279583875163
724 0.5488431876606684
725 0.7450722733245729
726 0.4536489151873767
727 0.5055087491898899
728 0.8211276733635774
729 0.5832258064516129
730 0.8491547464239272
731 0.8277886497064579
732 0.4245773732119636
733 0.8885923949299533
734 0.11618798955613577
735 0.5791530944625407
736 0.828823159219635
737 0.8685567010309279
738 0.2535667963683528
739 0.624025974025974
740 0.6863787375415282
741 0.7602564102564102
742 0.4968394437420986
743 0.7559523809523809
744 0.8371484630477436
745 0.6712239583333334
746 0.4137709137709138
747 0.812015503875969
748 0.5409511228533685
749 0.7633289986996099
750 0.8154838709677419
751 0.7661917098445595
752 0.30718954248366015
753 0.6994106090373281
754 0.740787008119925
755 0.6257309941520468
756 0.7399872854418309
757 0.7266922094508301
758 0.8544262295081967
759 0.36547231270358305
760 0.5081967213114754
761 0.5019430051813472
762 0.6196002578981302
763 0.5466045272969374
764 0.7729083665338645
765 0.794855305466238
766 0.32947232947232946
767 0.6744487678339819
768 0.8866317169069463
769 0.8550913838120104
770 0.1561892417368762
771 0.22098360655737706
772 0.6293436293436293
773 0.7239819004524887
774 0.7179144385026738
775 0.8824306472919419
776 0.512259774685222
777 0.7525974025974026
778 0.879021879021879
779 0.4253098499673842
780 0.7690839694656488
781 0.7000654878847413
782 0.8324775353016688
783 0.8750830564784053
784 0.6505625413633356
785 0.8518995492594977
786 0.618421052631579
787 0.773523685918235
788 0.9129581151832461
789 0.7189329863370202
790 0.8173333333333334
791 0.3583227445997459
792 0.7786458333333334
793 0.2679028132992327
794 0.6799217731421121
795 0.11273209549071618
796 0.5546108567691301
797 0.5935691318327975
798 0.7269736842105263
799 0.7530784186649384
800 0.5035279025016036
801 0.7295514511873351
802 0.6
803 0.2933247753530167
804 0.6109260493004663
805 0.28608752449379493
806 0.8254901960784313
807 0.7490396927016645
808 0.674025974025974
809 0.8454363757495004
810 0.8186596583442839
811 0.8977719528178244
812 0.4407334643091028
813 0.5297157622739018
814 0.2553191489361702
815 0.8547963206307491
816 0.2273342354533153
817 0.7692806221646143
818 0.8111111111111111
819 0.5901639344262295
820 0.5312916111850865
821 0.7162337662337662
822 0.36218968809675367
823 0.8358404185742315
824 0.7401574803149606
825 0.5707702435813035
826 0.6188946015424165
827 0.870527000650618
828 0.7935483870967742
829 0.687007874015748
830 0.7098243331164606
831 0.7587548638132295
832 0.2202729044834308
833 0.8949801849405549
834 0.37944408532643825
835 0.9048231511254019
836 0.5140065146579804
837 0.7093175853018373
838 0.3475409836065574
839 0.6530744336569579
840 0.866
841 0.794855305466238
842 0.7448979591836735
843 0.47886393659180976
844 0.5887669464170433
845 0.7242718446601941
846 0.6984536082474226
847 0.6577574967405476
848 0.7316602316602316
849 0.7078651685393258
850 0.7072218607677293
851 0.8946684005201561
852 0.4337194337194337
853 0.8463524854744997
854 0.6307397959183674
855 0.6456436931079323
856 0.8478118876551274
857 0.6509186351706037
858 0.7568807339449541
859 0.15384615384615385
860 0.6843163538873994
861 0.6732736572890026
862 0.7630890052356021
863 0.8885288399222294
864 0.7723735408560312
865 0.6584734799482536
866 0.7751937984496124
867 0.8895348837209303
868 0.41314248536109305
869 0.3286624203821656
870 0.16944444444444445
871 0.3651315789473684
872 0.685583822570124
873 0.26364234056541747
874 0.6722907203114861
875 0.7443708609271523
876 0.7245355541319667
877 0.7550886408404465
878 0.5676913015042512
879 0.727979274611399
880 0.3767741935483871
881 0.8379068283343969
882 0.5335483870967742
883 0.533508541392904
884 0.71343481138319
885 0.7343027098479842
886 0.8432539682539683
887 0.6584224598930482
888 0.8118175979447656
889 0.36764705882352944
890 0.4494238156209987
891 0.7366071428571429
892 0.6613722998729352
893 0.898360655737705
894 0.766470971950424
895 0.903921568627451
896 0.6552598225602028
897 0.7455968688845401
898 0.5157068062827225
899 0.7475214805023133
900 0.7965228589826143
901 0.46675444371296904
902 0.7528373266078184
903 0.6908619572261827
904 0.7407894736842106
905 0.2717250324254215
906 0.47485303723056826
907 0.770764119601329
908 0.43647798742138366
909 0.806662312214239
910 0.7870249017038008
911 0.21714285714285714
912 0.5388704318936877
913 0.6790205162144275
914 0.6901681759379042
915 0.6947923533289387
916 0.7445019404915912
917 0.8056810845706908
918 0.8819354838709678
919 0.5568976478067387
920 0.9167213114754098
921 0.39642620780939775
922 0.6084724005134788
923 0.03297442799461642
924 0.8347597103357473
925 0.691025641025641
926 0.709742895805142
927 0.812624584717608
928 0.9107491856677524
929 0.2054973821989529
930 0.6795469686875416
931 0.8114807566862361
932 0.6883365200764818
933 0.4147135416666667
934 0.8913324708926261
935 0.7022801302931596
936 0.7453255963894262
937 0.3473684210526316
938 0.5338983050847458
939 0.6078305519897305
940 0.6904450261780105
941 0.834419817470665
942 0.5321404903909874
943 0.5131494547787043
944 0.7458064516129033
945 0.3619791666666667
946 0.509765625
947 0.4166142227816237
948 0.6781534460338101
949 0.8230263157894737
950 0.4317295188556567
951 0.622482131254061
952 0.6891803278688524
953 0.7424920127795527
954 0.5534300791556728
955 0.8547008547008547
956 0.6365979381443299
957 0.8175133689839572
958 0.5643889618922471
959 0.27106466361855
960 0.5606748864373783
961 0.7249047013977128
962 0.8350649350649351
963 0.5071428571428571
964 0.6084142394822006
965 0.25
966 0.5856677524429967
967 0.3991031390134529
968 0.8300907911802854
969 0.9241011984021305
970 0.7212903225806452
971 0.7244701348747592
972 0.8565789473684211
973 0.76171875
974 0.7164573694646398
975 0.530961791831357
976 0.4246031746031746
977 0.7820598006644518
978 0.8649193548387096
979 0.7630019749835418
980 0.8619139370584458
981 0.8154450261780105
982 0.6554185593770279
983 0.633399866932801
984 0.5494858611825193
985 0.6923583662714098
986 0.7958115183246073
987 0.8014416775884666
988 0.6090670170827858
989 0.5658914728682171
990 0.7162606978275181
991 0.5344387755102041
992 0.8368841544607191
993 0.7854763491005996
994 0.6071665560716656
995 0.8273381294964028
996 0.8598382749326146
997 0.8453145057766367
998 0.712356515867657
999 0.540327868852459
1000 0.7647058823529411
