1 1293.8264670173864
2 1182.4390073568175
3 1383.1578309606455
4 1599.9352187749394
5 1165.0154131178808
6 828.1054292842556
7 1029.977645710363
8 1853.1335537872349
9 1080.1504229551858
10 1109.1558049242803
11 1496.9707908841235
12 1592.9339750525753
13 1245.3663929487916
14 1732.057727674359
15 1060.757446669395
16 966.826142239702
17 1348.0625826477208
18 1491.3688601977522
19 1094.9789243811142
20 1127.180724040843
21 1139.0470242970628
22 1898.0244460650363
23 1279.2652201444016
24 1609.6231027748136
25 1069.833260615425
26 1325.6509139011416
27 1141.0293242168425
28 1495.3358599272926
29 1190.3238920879248
30 1809.0566002912124
31 991.511477873337
32 1468.4135738933608
33 1320.6256000479123
34 1638.0227330450462
35 1065.5260534673796
36 1610.0453837470297
37 1703.7427553247283
38 1162.4895448602865
39 1284.056387243225
40 1149.4408828140445
41 1405.9389427174672
42 1406.8680689157525
43 1124.6709658127406
44 738.6775800568485
45 1750.0673318945396
46 1330.4138548498506
47 914.520775809534
48 1361.7818879970935
49 1447.5837017801523
50 1291.552649557481
51 1032.1996853889116
52 608.7655526952094
53 1262.9220643087856
54 1765.5153772930903
55 1244.2578825052
56 1505.0567048165133
57 1201.3601517012771
58 1125.6109308555915
59 1217.2342512462033
60 1131.1869562519257
61 1043.453649122799
62 1465.329599426361
63 1237.32468728352
64 1554.2378140336318
65 1335.0779051071643
66 1653.5159162961802
67 1732.1090038205268
68 1363.2756888170131
69 1206.8632669465912
70 1158.1768002919935
71 1187.6233058394912
72 1382.854802158547
73 1078.105669453597
74 1214.5991753640708
75 1308.4955535921574
76 1183.2516431617012
77 1525.7806760050075
78 1610.7736739396996
79 1238.0124390697233
80 1384.8164112808079
81 1119.8808354356772
82 1227.8377731655635
83 1141.525886418363
84 1062.1764269260102
85 1240.0675280726286
86 963.5733605018105
87 1043.9440786337793
88 1527.4989882840825
89 768.6653286280047
90 892.2605978765203
91 1296.490980269574
92 1222.5154727625325
93 1200.8529442373676
94 2318.4869007893035
95 1523.7463862210045
96 840.2989463517748
97 1408.8800580042061
98 1336.1583061237015
99 942.2064591466964
100 1657.677180414103
101 1336.2430264387829
102 919.6732658690584
103 988.6824903225423
104 1412.8337746993807
105 1247.7309146006685
106 1531.9128897432538
107 1282.9978022500436
108 1223.371739460127
109 1728.309288567837
110 1702.3005752685772
111 1411.030195324281
112 773.3731721619791
113 1481.6797063829777
114 1746.1692654479677
115 1536.421103989199
116 1887.405433746701
117 2007.1186206349068
118 1304.254562930738
119 963.6503985441639
120 1187.0452700485318
121 1344.171762603982
122 1395.1526617992981
123 1065.152480380675
124 868.548906013657
125 1040.8013323512146
126 1404.2205687481717
127 1356.6154234983014
128 1513.7196768711235
129 1252.361674927193
130 1132.7694094455667
131 1727.572810452277
132 1008.7223378779177
133 1279.236349188974
134 1572.3194399900042
135 1164.7993801881566
136 1545.2878266198504
137 967.2136531032941
138 1169.873083855188
139 977.9362850666283
140 1384.8409647876904
141 1387.302558310203
142 1453.6024579052116
143 725.8413367628792
144 1437.6634542715808
145 1460.596436917916
146 1200.8930805871298
147 1690.7163594204321
148 1766.7560439232604
149 1554.0824897008604
150 1243.0123879343664
151 1232.333706554139
152 1627.8512094621988
153 1387.395769358328
154 1409.0730134050204
155 1385.9907341592652
156 1346.1890303735133
157 915.280701028552
158 1117.3520385956801
159 1119.6522390125099
160 1640.2489780393125
161 1652.7408433645946
162 1151.9716365981005
163 1380.209888642025
164 1371.8822072962073
165 1053.6538172290416
166 851.2779414171808
167 871.483881285327
168 1517.7680020484077
169 914.0582027390763
170 1158.8610879763767
171 1406.041872155686
172 1088.9456166149334
173 899.8416382097562
174 1651.5589611966095
175 1264.7180494164534
176 1315.8412207148497
177 1429.2324593819424
178 1286.6742750201036
179 1494.042954484304
180 1079.296313974635
181 1589.2947784327125
182 1145.4887188014266
183 1366.356482751335
184 1505.495181186751
185 966.5045093392288
186 1303.4547843209384
187 1302.5958777843425
188 1652.7714130620943
189 1590.7665063038567
190 1111.9540389476915
191 1062.3195849453741
192 1289.6104415094724
193 1369.7593536096333
194 1018.1390307795492
195 1442.5627853850046
196 849.1156989792855
197 935.6723461359538
198 1517.4869820420006
199 1381.484922886312
200 1358.914807096927
201 1384.4995311114906
202 1212.5641820865467
203 1103.4867036389219
204 1401.0705619057362
205 967.6151407333896
206 871.2162229405653
207 1607.9542664454993
208 1397.9770056984592
209 1113.8743285756084
210 979.662756261596
211 1688.2016668566139
212 1027.3604663851208
213 1170.707814005688
214 1538.2037125815295
215 653.2747311428126
216 1335.249678380965
217 1364.3557140737666
218 1131.3985507480672
219 1392.3322964919905
220 1095.0535193760409
221 1138.890873308425
222 1182.2185059654955
223 1418.1301736315363
224 1722.4484323107556
225 1008.0926364755024
226 1463.6639346018242
227 1087.8863028777291
228 1439.7911453032705
229 1177.7698728293778
230 1327.0516314557397
231 1265.3462781391804
232 1331.226366512637
233 1161.9005208266087
234 1408.6340863260423
235 1262.479698481293
236 1522.0151233405145
237 789.5709682031353
238 1912.0892028188784
239 1400.8932143443424
240 1083.8352931170227
241 1644.8514182147314
242 987.8719976318016
243 1413.542101464182
244 1166.5845793869316
245 1041.8719960307808
246 1588.3856573040048
247 1135.5115165049622
248 1133.5563794374598
249 1358.524403958667
250 967.5015659021524
251 1523.314939677378
252 1215.233498291838
253 839.1539362850132
254 1347.6815318563683
255 932.8449553344677
256 1028.7591099058936
257 1331.5461676069199
258 1134.637652783231
259 1170.5540298497306
260 1377.4229961273613
261 1510.2193962477852
262 1130.1683407935045
263 1079.8882464499163
264 1185.3353430566597
265 1636.7208405094214
266 769.4821756945836
267 925.8499422947225
268 1267.2448421049414
269 967.0599327607509
270 1436.7452856232305
271 1309.2560075195656
272 1885.9781145074644
273 1246.7144530965463
274 915.3822705280676
275 1382.7982123774286
276 811.8254273968006
277 892.7523496282445
278 1699.8660480709232
279 1288.8084902753112
280 1748.2060165055668
281 1467.0406811750508
282 957.1400184502806
283 1076.3319530170256
284 1435.99103881509
285 1514.5170863112323
286 1630.0547526266591
287 1036.5150565216616
288 933.8760980184786
289 1834.218693988182
290 1313.6442529544752
291 1763.688547996735
292 1280.6010841898462
293 695.0029476240328
294 1680.4833552336327
295 1000.4431915743139
296 1625.6753054278445
297 855.2740575780722
298 1443.4859814127917
299 1691.710122631436
300 1470.1692910264474
301 922.9144944506006
302 1104.2559583113064
303 1451.9226042419618
304 1329.449123379226
305 1232.3328830547725
306 1149.690830754567
307 1304.4752453404421
308 938.4738824417999
309 1388.1209172436113
310 879.2238682985596
311 1180.5653290662203
312 1336.2225324816293
313 1559.684145676238
314 1096.3879094957729
315 1779.1605825755173
316 1689.6352701937842
317 1135.43843600927
318 975.6953546717203
319 1332.450310953271
320 1030.7340218091833
321 1167.4867276147324
322 1259.513348344221
323 1286.2462774481999
324 1306.986331279687
325 1234.1448941061608
326 1228.5675814027072
327 2191.0360192602125
328 1335.8916689239934
329 1427.0110370988868
330 1087.8240392884873
331 1595.2709642579687
332 1663.190075574697
333 1000.1462625410904
334 1314.4339855168046
335 1201.0789493765803
336 1485.782297563129
337 1636.9502644924778
338 1093.8949294656934
339 1057.0528288256367
340 1426.2947927601876
341 1177.1362363656397
342 853.3258043960311
343 1689.5267084305244
344 1689.1772066097062
345 798.4754254565406
346 994.1091612605139
347 1315.6839087973203
348 1098.6312325438396
349 922.178235907094
350 1507.1442143918541
351 852.7137137509851
352 774.0835735579492
353 1281.3131217232833
354 1426.4283215676808
355 968.5787667164592
356 1238.786993848474
357 1502.0997970407338
358 1052.6575523497697
359 1107.5709564773786
360 1011.2796649662541
361 644.4605860231768
362 982.6684505304352
363 1635.4583810380075
364 1591.3090418282136
365 1118.2077396217392
366 1140.4002348390345
367 1409.3740749770398
368 1243.0286557192221
369 1222.0503688593965
370 1477.1664065353868
371 1088.8738314670509
372 1227.7999148701663
373 1490.0434101070166
374 1124.3991605737933
375 1128.3686157933876
376 1706.0488666749163
377 1348.8589959859326
378 1739.3662159738972
379 1315.0320057009708
380 1350.925309344381
381 1123.875250629528
382 717.212039092464
383 1756.5734981340597
384 1233.5059128221617
385 665.1339405942148
386 1212.2774187954428
387 1740.46974078242
388 1115.2967121267259
389 976.0312945133554
390 1106.9000240936648
391 1444.4770479690944
392 1471.7524341089525
393 1221.229012996634
394 1564.6289399653576
395 1053.0763850751334
396 1005.9655634379695
397 937.3319325705206
398 1532.0738532425291
399 1555.4700756420789
400 1665.2871640564688
401 1328.7689165584763
402 1389.0718703044752
403 1819.6635366188157
404 1214.6305569317838
405 1038.3370062412514
406 1560.5087055662311
407 1301.4290128534471
408 1249.483068273807
409 1383.9713204223951
410 1585.2165452037693
411 1449.521591843451
412 1314.1396793025306
413 1275.4404907240553
414 1480.6360063621098
415 1493.0266736888955
416 1336.779588758804
417 1175.9031677783812
418 2189.324453531783
419 1615.5170857793876
420 1126.9647056497574
421 1582.5767157671612
422 1142.1031840532498
423 1453.3736969101883
424 1184.2995153773406
425 1429.737847480895
426 1733.9257937238572
427 1277.3284142527423
428 1096.9843649058691
429 1226.8774035702297
430 1061.783635174951
431 1643.240671352959
432 2220.5869356614585
433 1447.6762516462265
434 756.8108347644903
435 1108.6327683295199
436 1571.3520471586517
437 1372.8210427540753
438 811.0235693322069
439 1148.0870771015318
440 1576.5692938963925
441 1077.337356757635
442 2043.930778836304
443 1622.0951975827434
444 1443.409373097211
445 1021.6663128370909
446 1734.619932570188
447 1502.791763677313
448 1738.592105577074
449 911.0594393095377
450 1415.4069735401745
451 1230.9636563699034
452 1603.3138165061146
453 1355.9315961426985
454 1749.0672484635797
455 1400.6154720169932
456 1094.5861140267384
457 1071.722825070909
458 1749.043556879781
459 1304.2910035562297
460 936.0928151936517
461 1186.1838105664062
462 1221.2246244668606
463 1552.342897794493
464 1745.4323912077066
465 1253.4987332740197
466 1244.2176583759815
467 1214.1868807510987
468 1444.6518885370847
469 1252.9314967870998
470 1272.8504473619137
471 1365.1804302735102
472 1300.2355301440612
473 873.0017229581177
474 1571.4078623788346
475 1104.2460962007356
476 1199.403983148355
477 1750.5671044412866
478 1297.9059128957172
479 1328.3331346965574
480 947.1166200410548
481 942.089041564602
482 1481.8593985165328
483 1699.4464228113768
484 1595.0319652021992
485 1677.9853448439035
486 837.8899984876196
487 968.0234371773182
488 894.2175856192997
489 1496.885601960708
490 1454.7996357014156
491 1401.6297463986784
492 858.2710017434762
493 1334.3691355112092
494 1156.4383554430465
495 1330.4563937504008
496 1152.3333496361536
497 1119.257956568974
498 992.7445805898536
499 1840.5603799650983
500 966.5483655390173
501 1599.84361812853
502 1129.4374710836437
503 1573.590952586722
504 974.9450685964832
505 1206.2208746003168
506 1230.5653277941806
507 1226.5504130160975
508 1553.860845343889
509 1171.6862783980807
510 1227.7453992799028
511 1177.1321748443015
512 1108.913890575204
513 1081.489136167015
514 1642.4107344815502
515 864.5021651034737
516 1267.3854535433763
517 1503.033440851278
518 1356.4390821928762
519 1838.4943603946092
520 941.0761437860142
521 1127.3282667204614
522 1125.0897352209172
523 1966.2253334538884
524 619.0545074083338
525 1355.850612913133
526 1600.3022059896532
527 1661.1173152679376
528 1773.7780552048528
529 1137.1254173189595
530 1342.2506788577318
531 1400.3353143995948
532 1356.6543044361204
533 1072.9821620839637
534 1090.793489882452
535 995.1248462854048
536 1621.0968457900606
537 1406.4586827558765
538 1379.4590397840589
539 1425.0348163379233
540 1233.5122582296572
541 920.5888574476
542 1759.3259326237699
543 1638.2417019081622
544 1252.259562912831
545 1451.1821524105665
546 1242.33949985475
547 1258.7689146638925
548 1239.2634370565352
549 1724.958240241995
550 1195.6276088882148
551 971.0219196838216
552 1330.2745069796317
553 1346.3493467664775
554 1462.008780453368
555 940.1972438887695
556 798.9993045963034
557 1312.6645432196253
558 1092.337837371946
559 1489.9025342068976
560 882.68325137813
561 1010.2615995329346
562 1643.2271553516748
563 1427.1912327547032
564 1326.1649419633113
565 1219.8601695800676
566 934.6211895928541
567 1271.6822278393004
568 1051.7612239441944
569 1234.1335450127524
570 1025.571965105482
571 1306.7079874199055
572 1376.5436697748428
573 1430.379513452925
574 1581.430301195185
575 1025.2041784595576
576 1305.5892472183089
577 1347.4556119581446
578 1520.4782368425158
579 1201.4066403119632
580 1294.0126139048696
581 1217.921133497799
582 1525.9547827165854
583 956.0460450143527
584 1151.7266313422094
585 1435.9094493072055
586 1836.7353907081454
587 1065.194427206183
588 1241.656347894747
589 880.5194965659991
590 1057.6878752974285
591 1440.5482287384616
592 1432.4057777231008
593 1467.7930426557107
594 1718.8857346228385
595 1264.3050731726933
596 1577.2677215333797
597 1269.0728776183262
598 1382.236370048481
599 1285.392397937405
600 1325.1783887258623
601 1398.7562382198746
602 999.0622986799873
603 1200.210421145785
604 1120.5797917833816
605 1326.9127789545626
606 1240.9570054085536
607 960.8077095968719
608 1048.2263727234915
609 1188.6997327611166
610 1174.480798144481
611 1198.008595398426
612 1454.6070538515376
613 1230.657383702447
614 766.9106668464168
615 1126.6527927084182
616 1365.4879606853676
617 1430.1451935292491
618 1713.2218720943013
619 1444.9818396265036
620 1350.5734509377994
621 1586.8713408253664
622 1509.8184175792014
623 1037.2237083096477
624 1246.0296324370202
625 1784.654036012719
626 991.4805293803993
627 1520.1224267863172
628 1195.5273764623657
629 1243.5031750068765
630 1033.6231382253204
631 1204.8256978498769
632 1487.4037460075574
633 894.920732790655
634 1259.8187182902413
635 1164.9429744925003
636 908.4568013821074
637 1574.9413681847768
638 1184.1350023891548
639 696.4224815658384
640 1187.9953784641928
641 1264.2884101134252
642 1207.1293627430584
643 926.0800774673103
644 1246.6318618022249
645 1678.1764000232365
646 1219.2698804280055
647 1442.6965698729362
648 1220.0503845443127
649 1446.628399708902
650 1751.9285829788346
651 1308.8110973313508
652 1434.2490713030845
653 1532.7939227587854
654 1425.041794957286
655 1726.527877703633
656 1247.054774520785
657 1295.6793195467333
658 1391.6043832571627
659 1226.2694341092867
660 1496.3155286644906
661 1155.7871211877502
662 1667.6618679352873
663 1322.5653729532823
664 966.0638617197013
665 812.8991081466964
666 1411.2854624207632
667 1065.3407107666708
668 1660.247485784406
669 1082.681172433242
670 1146.6296340268566
671 1708.2167941344296
672 1707.7056839411223
673 1412.7658969250692
674 1352.992667823431
675 1213.1808007549744
676 1385.3120664022936
677 1446.3816320649628
678 898.6394498217852
679 1495.5150522050592
680 1252.592624212091
681 1107.9486148388758
682 1331.6286517346148
683 916.0553918575091
684 1234.2761339105798
685 1453.0788398230231
686 1179.375312902757
687 1235.7988516946093
688 1508.3656560597844
689 1516.9698636186988
690 1631.9827099290812
691 1502.631583440822
692 1098.766293896963
693 1334.83573663957
694 1784.5175503877392
695 1584.828842949353
696 1766.0097710753973
697 1274.1790697225897
698 1379.2073041064216
699 1060.7619999153426
700 1361.989402657701
701 1750.8446206781516
702 1839.6453717492825
703 1350.2884794955896
704 1687.169828604311
705 1479.7313640184902
706 861.3938273245798
707 1462.7714150294191
708 1358.1759134891088
709 1307.6239697930118
710 960.925025188191
711 1603.5317679115421
712 1217.2475094997376
713 1434.4104648248897
714 1032.255976767816
715 977.1216569318055
716 1445.856089273059
717 1397.1602173946244
718 1271.02731988849
719 1246.850939872453
720 1829.0886863263993
721 1194.279862299619
722 1429.2802242629118
723 911.3471164066829
724 1008.6866513647935
725 1317.3532430655926
726 939.9476240099101
727 1126.6543765301928
728 1717.4189512675903
729 1149.9961715679417
730 1560.9789943027217
731 1356.7707934522516
732 950.0567930303769
733 1743.226117048055
734 724.1097806935236
735 1036.785856312994
736 1375.4350927838782
737 2253.648898105029
738 917.7041929538291
739 959.1849703745088
740 1178.9895375212534
741 1272.9243228267949
742 1216.7666384255112
743 1352.6045867982111
744 1558.8822555206984
745 1279.1453849304614
746 1037.9666583209007
747 1372.9174748549844
748 1104.4975619535373
749 1554.7944410625778
750 1470.4011497014149
751 1397.744960118961
752 926.7949786026004
753 1396.2428939239505
754 1386.6848146654986
755 1268.302375961306
756 1208.3487172349926
757 1338.423499569764
758 1577.389779187927
759 855.474952216821
760 985.912493857872
761 986.4694413594082
762 1287.646028231104
763 1055.7732819188009
764 1694.2594260236988
765 1232.262806111137
766 952.5420808122807
767 1152.220433850482
768 1766.4408364194953
769 1444.7334992818378
770 718.816963229902
771 865.0676764629351
772 1326.5891782630586
773 1233.619561791528
774 1304.7398010326308
775 1787.3012447296614
776 1090.2207984383933
777 1692.1981138899605
778 1992.9747404216268
779 1044.3755573015758
780 1618.4018827803995
781 1269.9727606876584
782 1553.3930794848195
783 1781.2027311822053
784 1156.1472334374757
785 1487.3242521511893
786 1120.7436203341263
787 1551.468213804826
788 2089.8310136182754
789 1427.169996928645
790 1502.085563723528
791 895.3629922827787
792 1648.200874211979
793 896.0701020949209
794 1194.5683988559717
795 668.0795198735437
796 942.2560917064054
797 1037.7606889925964
798 1242.721552639448
799 1109.3454572106448
800 1123.887126083469
801 1523.1017151598526
802 1227.3287517418862
803 967.6095558267356
804 1260.8302597761756
805 858.4758294184691
806 1679.2906715035156
807 1289.68714247248
808 1305.402250326809
809 1849.3618497945522
810 1619.3500881413954
811 1576.0179261341236
812 926.3520098777059
813 1081.7554956983092
814 936.1182108348329
815 1392.6090145852577
816 777.3894893240702
817 1278.8721592261425
818 1341.1028500399127
819 1127.066576446523
820 1109.6254815690068
821 1451.2283068978043
822 968.8600410197968
823 1419.8638530116903
824 1423.0107664370746
825 1034.4407754580818
826 1257.598774944763
827 1886.5974594891804
828 1617.1832119297092
829 1339.7510078531207
830 1569.5642109933372
831 1644.265233590042
832 831.2788524298899
833 1337.0094257416797
834 929.2886807965073
835 1758.4611989099697
836 1057.6867699779032
837 1204.4417121105844
838 861.8187411640134
839 1204.8183215049544
840 2136.9557056901535
841 1137.7707415609689
842 1305.6442669168862
843 1067.4536358738376
844 1049.217011402765
845 1218.893375689668
846 1152.8088014204661
847 1343.1114628266027
848 1471.4202664438806
849 1158.741807421552
850 1418.9270955939073
851 1562.965804252338
852 981.4114467996782
853 1375.949783828969
854 994.5614415938601
855 1305.8403102790435
856 1517.5720542887912
857 1243.7077536378697
858 1426.9207238906813
859 721.1969441896912
860 1272.3390248813519
861 1229.959771869347
862 1448.7804186439005
863 1619.2138040830166
864 1079.1925937984788
865 1184.1936160151267
866 1439.693605151996
867 1601.2718615362116
868 991.5268258368819
869 1096.5707521036936
870 700.9331620207347
871 873.8631520683906
872 1196.295614780926
873 810.8302303203103
874 1121.2013958543494
875 1284.379796226984
876 1252.9254403644798
877 1303.7943963475411
878 1179.2518928364032
879 1439.3379045015065
880 920.0801265436859
881 1538.5378822342213
882 1012.9102656313935
883 1067.196411858285
884 1554.8624293030869
885 1265.422149540052
886 1542.093314756627
887 1186.5671772234296
888 1791.2966779428384
889 927.9015527865432
890 1207.6337432962703
891 1351.4135606940736
892 1182.5939747946688
893 1512.3768579169894
894 1707.5554162913886
895 1774.9591021537574
896 1176.2594501928033
897 1753.1248432555317
898 1111.866377362842
899 1597.1740701265608
900 1513.465667536656
901 997.5020894922004
902 1310.8128217594967
903 1160.2625839650264
904 1299.8519705057809
905 911.3190265664937
906 962.21394449767
907 1452.3443154920249
908 1053.5666516128686
909 1469.6192868230657
910 1767.6566425731544
911 712.4249812295459
912 1003.1434376422642
913 1339.8671039210421
914 1150.3245839586857
915 1430.1470029577586
916 1693.4683139155495
917 1699.240278827659
918 1780.92199857205
919 1183.3940604463378
920 1852.7969157458692
921 998.2083268111461
922 1161.9064434783152
923 624.1265560122919
924 1546.8443853084864
925 1390.9474037907623
926 1300.661901636755
927 1663.3329311844302
928 1627.64916383695
929 797.8949682207763
930 1181.3358233468132
931 1513.82965871029
932 1254.4024286583299
933 1060.2860674984197
934 1809.3652577943149
935 1545.3112600435945
936 1438.832560328794
937 1028.5866363913008
938 1170.7236927772874
939 1246.842813461905
940 1332.8537171125606
941 1115.7910662438046
942 1128.8743323753647
943 1185.5211826377865
944 1291.6458763383537
945 1054.9873337432257
946 1131.9924805066664
947 940.4575709446337
948 1254.5439798037748
949 1392.9383243309392
950 1053.7671000755438
951 1076.5564493536035
952 1301.4728947129263
953 1272.2629643473651
954 1037.0936204929853
955 1466.4528460091285
956 1224.428913147084
957 1531.508681609487
958 1075.4087441621255
959 807.3957663619968
960 1113.9114845204988
961 1411.2048242038352
962 1500.644563234245
963 981.8553843791598
964 1136.3566857999235
965 868.8953266101814
966 1058.7148266345832
967 1021.4863543902653
968 1287.542055141362
969 1633.2745358210684
970 1469.9093489205382
971 1400.8142210729432
972 1598.2474034943864
973 1308.5159029549282
974 1791.840651490179
975 969.9006485035776
976 942.5627465735038
977 1371.6724152751274
978 1741.701641363154
979 1425.1383485515023
980 1448.188920254085
981 1228.0735799358404
982 1264.7488803507008
983 1404.1752222416487
984 1202.8590915671625
985 1397.5533007607557
986 1680.5408464257205
987 1296.5542938357926
988 1152.932728550965
989 1127.7703515084884
990 1350.8495443472473
991 1065.141999278438
992 1659.9410050723716
993 1583.5606934236503
994 1084.210593760178
995 1669.4197711287077
996 1619.4941415265635
997 1560.606945001869
998 1539.052951082405
999 1125.5824520207261
1000 1196.8576545973863
