1 0.9725171767645222
2 0.9692404268675455
3 0.9713574097135741
4 0.9673704414587332
5 0.9712092130518234
6 0.9755469755469756
7 0.9701879455605963
8 0.9683053040103493
9 0.9741935483870968
10 0.9693682195277601
11 0.9735824742268041
12 0.9699872286079183
13 0.9616634178037686
14 0.9683544303797469
15 0.9672447013487476
16 0.9692504804612428
17 0.9682942295497781
18 0.9744245524296675
19 0.9694656488549618
20 0.96484375
21 0.9735142118863049
22 0.9716494845360825
23 0.9673286354900704
24 0.9688109161793372
25 0.970626631853786
26 0.9644473173884939
27 0.9744081893793985
28 0.9696774193548388
29 0.9709302325581395
30 0.9759645793801391
31 0.9714828897338403
32 0.9744245524296675
33 0.9742268041237113
34 0.9704370179948586
35 0.9673704414587332
36 0.9639468690702088
37 0.96569250317662
38 0.9728363866077069
39 0.972168284789644
40 0.9751750477402928
41 0.9715210355987055
42 0.9738732854343566
43 0.9709158415841584
44 0.9701397712833545
45 0.9749839640795381
46 0.9760855884203902
47 0.9695044472681067
48 0.9744408945686901
49 0.9727979274611399
50 0.9681528662420382
51 0.9650259067357513
52 0.9666666666666667
53 0.9764331210191083
54 0.9719208679004467
55 0.9722580645161291
56 0.9723791588198368
57 0.9750479846449136
58 0.9715210355987055
59 0.9722580645161291
60 0.9725669497060745
61 0.9657320872274143
62 0.9658505154639175
63 0.9732994278448824
64 0.9703470031545741
65 0.9717291255752795
66 0.9714828897338403
67 0.9700446144040791
68 0.9721322099805574
69 0.9732484076433121
70 0.9661016949152542
71 0.9725239616613418
72 0.9772007599746675
73 0.9695238095238096
74 0.9632258064516129
75 0.9760362694300518
76 0.9764331210191083
77 0.9743429286608261
78 0.9718129404228059
79 0.9695431472081218
80 0.9740764744005185
81 0.9692110327132777
82 0.9697943444730077
83 0.972819216182048
84 0.9639924194567278
85 0.9727157360406091
86 0.970253164556962
87 0.9650259067357513
88 0.9749357326478149
89 0.9734513274336283
90 0.9713010204081632
91 0.9720052083333334
92 0.9759645793801391
93 0.9728506787330317
94 0.96913985554826
95 0.9726384364820847
96 0.969078947368421
97 0.9689480354879595
98 0.9683744465528147
99 0.9713930348258707
100 0.9728395061728395
101 0.9734799482535575
102 0.972972972972973
103 0.9732824427480916
104 0.9697567389875082
105 0.9720634920634921
106 0.9726636999364272
107 0.9694267515923567
108 0.9701104613385315
109 0.9712418300653595
110 0.9755469755469756
111 0.9731629392971246
112 0.9732313575525813
113 0.972400513478819
114 0.9620733249051833
115 0.9716088328075709
116 0.9734848484848485
117 0.9672867222578576
118 0.976875
119 0.9705882352941176
120 0.9732484076433121
121 0.9681197137280416
122 0.9700446144040791
123 0.9641959798994975
124 0.9754204398447607
125 0.9691318327974277
126 0.9678869621066153
127 0.9659601798330122
128 0.9743425272610647
129 0.9639468690702088
130 0.9656706929434202
131 0.9680156657963447
132 0.9704773869346733
133 0.9717586649550706
134 0.9710238248551192
135 0.9661678594664932
136 0.973565441650548
137 0.9648562300319489
138 0.9731675392670157
139 0.9679075738125802
140 0.9739847715736041
141 0.9720779220779221
142 0.9701397712833545
143 0.9659163987138264
144 0.9712606139777923
145 0.9629156010230179
146 0.9699103713188221
147 0.9716803020767778
148 0.9729559748427673
149 0.9769526248399488
150 0.9671011793916822
151 0.9710327455919395
152 0.9732899022801303
153 0.9727848101265822
154 0.9704939063502245
155 0.9743095696852923
156 0.9719029374201787
157 0.9640564826700898
158 0.9729032258064516
159 0.9714285714285714
160 0.9720457433290979
161 0.9713375796178344
162 0.9763729246487867
163 0.9725063938618926
164 0.9740932642487047
165 0.973975276512687
166 0.9710327455919395
167 0.9735015772870662
168 0.9727272727272728
169 0.9710335747202107
170 0.9750639386189258
171 0.973651191969887
172 0.9715578539107951
173 0.9711168164313222
174 0.9667093469910372
175 0.9684278350515464
176 0.9714467005076142
177 0.968529222864483
178 0.9694805194805195
179 0.9657577679137603
180 0.9757536041939712
181 0.9693486590038314
182 0.9717847769028871
183 0.96973599484868
184 0.972972972972973
185 0.9760827407886231
186 0.9669046073977936
187 0.9711664482306684
188 0.9727095516569201
189 0.9726984126984127
190 0.9685897435897436
191 0.9663648124191462
192 0.9709864603481625
193 0.9719923615531508
194 0.9701397712833545
195 0.9693877551020408
196 0.9785853341985724
197 0.9680102367242482
198 0.9665379665379665
199 0.9686323713927227
200 0.9637540453074434
201 0.9732824427480916
202 0.9737516005121639
203 0.9741161616161617
204 0.9724711907810499
205 0.9693877551020408
206 0.9740998104864181
207 0.975609756097561
208 0.9692789968652038
209 0.9712606139777923
210 0.9723294723294723
211 0.9678869621066153
212 0.9719321148825065
213 0.9690920798454604
214 0.9759797724399494
215 0.967948717948718
216 0.9659820282413351
217 0.9725940089228808
218 0.9650793650793651
219 0.966299416720674
220 0.9693290734824281
221 0.9751471550032701
222 0.9717586649550706
223 0.9746995572422518
224 0.9737010904425915
225 0.9691046658259773
226 0.9721502590673575
227 0.9706632653061225
228 0.9668155711550734
229 0.9724888035828535
230 0.9665192672141504
231 0.9666448659254414
232 0.9672447013487476
233 0.9652285898261429
234 0.9699680511182108
235 0.968869123252859
236 0.9765079365079365
237 0.9693290734824281
238 0.9682942295497781
239 0.9750320102432779
240 0.9744408945686901
241 0.9708306911857958
242 0.9671603348358017
243 0.9680306905370843
244 0.9728020240354206
245 0.9719687092568449
246 0.9734848484848485
247 0.9686299615877081
248 0.9714108141702921
249 0.9696774193548388
250 0.9734799482535575
251 0.9689722042663219
252 0.96973599484868
253 0.9705698184095178
254 0.9693486590038314
255 0.9699103713188221
256 0.9688096753660089
257 0.9669631512071156
258 0.972885732730794
259 0.9716129032258064
260 0.9728363866077069
261 0.968529222864483
262 0.9682337992376112
263 0.968508997429306
264 0.9711538461538461
265 0.9627488760436738
266 0.9744408945686901
267 0.9691516709511568
268 0.9657142857142857
269 0.9704336399474376
270 0.9721871049304678
271 0.9645569620253165
272 0.973462783171521
273 0.9694850603941513
274 0.9760855884203902
275 0.9711538461538461
276 0.9697169190256748
277 0.9668615984405458
278 0.9694408322496749
279 0.96973599484868
280 0.9748549323017408
281 0.972168284789644
282 0.972972972972973
283 0.9740932642487047
284 0.9768025078369906
285 0.9617834394904459
286 0.9644932214331827
287 0.9702154626108999
288 0.9730596536241181
289 0.9638783269961977
290 0.9682230869001297
291 0.9717868338557993
292 0.9679075738125802
293 0.97702616464582
294 0.9725765306122449
295 0.9685897435897436
296 0.9688917692806222
297 0.9727848101265822
298 0.9746514575411914
299 0.9654067905188981
300 0.966381015161503
301 0.9763275751759437
302 0.9729032258064516
303 0.9728331177231565
304 0.9683053040103493
305 0.967948717948718
306 0.9750156152404748
307 0.9705144291091593
308 0.9683870967741935
309 0.9691516709511568
310 0.9735142118863049
311 0.9689283449587826
312 0.96875
313 0.9697964543663822
314 0.9708609271523179
315 0.9709864603481625
316 0.9710982658959537
317 0.9702154626108999
318 0.9751750477402928
319 0.9711598746081505
320 0.9719923615531508
321 0.9681933842239185
322 0.9703752468729427
323 0.9759645793801391
324 0.9672236503856041
325 0.9729559748427673
326 0.9715762273901809
327 0.9733420026007802
328 0.9707565162110616
329 0.9695003244646333
330 0.9754838709677419
331 0.9658284977433914
332 0.9708306911857958
333 0.9675324675324676
334 0.9712566844919787
335 0.9680511182108626
336 0.9590268886043534
337 0.9730596536241181
338 0.9715578539107951
339 0.9716494845360825
340 0.9677215189873418
341 0.9737827715355806
342 0.9704180064308682
343 0.9717586649550706
344 0.9716312056737588
345 0.971821756225426
346 0.9723650385604113
347 0.974308300395257
348 0.9745385105028644
349 0.9665354330708661
350 0.965560425798372
351 0.976158940397351
352 0.9761290322580645
353 0.9727330374128091
354 0.9680306905370843
355 0.969640644361834
356 0.9666024405908799
357 0.9674418604651163
358 0.9689722042663219
359 0.9731285988483686
360 0.968529222864483
361 0.9742599742599742
362 0.9688888888888889
363 0.9726918075422627
364 0.9632731958762887
365 0.9704530531845043
366 0.9721322099805574
367 0.9674690956408588
368 0.9741435035552682
369 0.9727802981205443
370 0.970253164556962
371 0.9667519181585678
372 0.9643551523007129
373 0.9725848563968669
374 0.9696774193548388
375 0.9726288987905792
376 0.9746353836398225
377 0.9661678594664932
378 0.9763157894736842
379 0.9688741721854305
380 0.9677835051546392
381 0.97712833545108
382 0.974025974025974
383 0.9755312298776562
384 0.9690920798454604
385 0.9713728041639558
386 0.9705513784461153
387 0.9723502304147466
388 0.970074812967581
389 0.971830985915493
390 0.9755154639175257
391 0.9719504240052185
392 0.9644970414201184
393 0.9738687061822817
394 0.9754253308128544
395 0.9689480354879595
396 0.9696778269109286
397 0.9677631578947369
398 0.9693811074918567
399 0.9704749679075738
400 0.9722759509993553
401 0.9726848767488341
402 0.9677002583979328
403 0.9750639386189258
404 0.963963963963964
405 0.9731113956466069
406 0.9711598746081505
407 0.971042471042471
408 0.9738853503184713
409 0.9745762711864406
410 0.972885732730794
411 0.9720416124837451
412 0.973568281938326
413 0.974294670846395
414 0.9719745222929936
415 0.9732724902216427
416 0.9657669519420672
417 0.9690721649484536
418 0.9707981829980532
419 0.9559789750328516
420 0.9687300574345884
421 0.9723096286972939
422 0.9713558243157224
423 0.9754716981132076
424 0.970456005138086
425 0.9641943734015346
426 0.9684684684684685
427 0.9703166226912929
428 0.9734345351043643
429 0.9704030226700252
430 0.9619109102646869
431 0.9729032258064516
432 0.9694267515923567
433 0.9737015121630507
434 0.9618320610687023
435 0.9712092130518234
436 0.9703989703989704
437 0.9675955930006481
438 0.9796825396825397
439 0.9727330374128091
440 0.9669689119170984
441 0.9722759509993553
442 0.9690920798454604
443 0.9696382428940569
444 0.9767441860465116
445 0.9722580645161291
446 0.9696578437701743
447 0.9682436811406351
448 0.9732484076433121
449 0.9732201175702155
450 0.9720101781170484
451 0.9701965757767914
452 0.9709228824273072
453 0.9751750477402928
454 0.9720989220038047
455 0.963531669865643
456 0.9674329501915708
457 0.9644218551461246
458 0.9662288930581614
459 0.9682337992376112
460 0.9729032258064516
461 0.976592977893368
462 0.9743589743589743
463 0.9679692504804612
464 0.9661341853035144
465 0.9751861042183623
466 0.9720634920634921
467 0.9696382428940569
468 0.9724655819774718
469 0.9700063816209317
470 0.9753943217665615
471 0.9619109102646869
472 0.9694805194805195
473 0.9707192870782941
474 0.9705144291091593
475 0.972819216182048
476 0.9763469119579501
477 0.9719321148825065
478 0.9765079365079365
479 0.9682136045772409
480 0.9640102827763496
481 0.9751750477402928
482 0.9724888035828535
483 0.9665594855305466
484 0.9733420026007802
485 0.9718129404228059
486 0.9704180064308682
487 0.9716494845360825
488 0.9737179487179487
489 0.9675778766687858
490 0.968508997429306
491 0.9707750952986023
492 0.9752380952380952
493 0.9719137818419333
494 0.9726288987905792
495 0.9734513274336283
496 0.9709864603481625
497 0.9751434034416826
498 0.9676793794440853
499 0.9712140175219024
500 0.9722580645161291
