1 7389.306682114283
2 7329.211490395969
3 7052.741676925362
4 7449.491054430209
5 7321.649481451601
6 7399.645337513515
7 7224.660700100074
8 7355.999605266632
9 7286.318646743919
10 7255.676225710479
11 7469.459466266679
12 7249.148657258048
13 7408.728892717832
14 7426.847065218574
15 7178.541333285041
16 7337.412232672983
17 7309.038734016067
18 7329.07151226539
19 7442.090105930572
20 7444.406964451395
21 7436.984809098519
22 7193.207137137403
23 7357.567527026788
24 7354.073976059871
25 7317.8556451995055
26 7457.563295920379
27 7208.242727694554
28 7356.017173197173
29 7347.861391118929
30 7431.201162259842
31 7192.03097541293
32 7438.055826837009
33 7276.430294342668
34 7300.722102041645
35 7412.546942845864
36 7158.462734464365
37 7167.887782562077
38 7288.836095845244
39 7656.86530167375
40 7454.05905565422
41 7280.236771776555
42 7398.004150387771
43 7254.305634750165
44 7224.293880444759
45 7355.843579479327
46 7449.93288500924
47 7292.3721880929925
48 7173.822792838465
49 7437.309415892693
50 7258.142675477939
51 7233.312259798514
52 7238.436361724426
53 7406.4663326437785
54 7276.791914466684
55 7295.806408591004
56 7250.454691825144
57 7376.607991086114
58 7439.0944476636605
59 7444.976123146463
60 7536.917852810867
61 7256.719859077691
62 7436.579929518056
63 7373.420816492257
64 7298.686572333535
65 7472.089365408867
66 7318.884454697636
67 7303.073427902822
68 7342.443833694547
69 7513.617434569477
70 7256.5899894839395
71 7490.25205016681
72 7383.106351419198
73 7180.3547132336325
74 7333.364451313549
75 7704.456856095667
76 7440.410487865071
77 7361.924060462221
78 7317.140080252502
79 7237.098625786863
80 7244.843147849008
81 7431.874917058704
82 7291.207517748891
83 7471.503148655658
84 7259.894328200071
85 7318.805418172649
86 7310.4528755269575
87 7385.770504055621
88 7432.240205770538
89 7407.112800191556
90 7457.492964176341
91 7434.204792002583
92 7585.982416332208
93 7346.518048487819
94 7254.421898374241
95 7348.127792579164
96 7365.527646624206
97 7197.460412170374
98 7425.418468709632
99 7170.961280780844
100 7239.380729345319
101 7483.292067913653
102 7536.28617323529
103 7236.731705885597
104 7350.095067202761
105 7309.332199633959
106 7354.51378413225
107 7498.295353837839
108 7506.257275179965
109 7322.848446987701
110 7326.205631842479
111 7208.701837069477
112 7387.643980121248
113 7512.734725137587
114 7377.566156840365
115 7379.121835217616
116 7428.666903350598
117 7290.504554476262
118 7397.077421232334
119 7294.104971757399
120 7456.067836489726
121 7455.009744109004
122 7298.481292900794
123 7470.604532497597
124 7458.045056485909
125 7177.727271610122
126 7318.3638756273285
127 7302.973842277774
128 7350.902957059847
129 7233.921763156674
130 7369.699564609574
131 7372.398582961083
132 7381.546979023449
133 7391.587713456979
134 7470.631769633346
135 7481.886191431932
136 7416.730344964308
137 7282.9779999685725
138 7322.684484934901
139 7359.650981144691
140 7374.144196500868
141 7437.092342319289
142 7393.6861383782925
143 7385.637035776746
144 7423.354999757706
145 7280.448332619392
146 7409.250268281319
147 7345.372806553154
148 7298.761980015066
149 7232.77794947794
150 7367.35922139947
151 7413.715946220346
152 7509.188511959049
153 7263.847628494424
154 7279.503302960379
155 7405.2329931860295
156 7385.069443557512
157 7225.696106208829
158 7526.855365534765
159 7352.903529541267
160 7241.659105106503
161 7315.244367797468
162 7423.612262833368
163 7438.716421288435
164 7482.6411036826785
165 7444.047747712207
166 7368.529266334885
167 7389.044164667641
168 7456.693335213477
169 7278.278513774997
170 7276.946715873365
171 7352.183915233938
172 7357.9274613892185
173 7348.3403831395935
174 7357.85882332274
175 7494.172514562289
176 7413.290400213892
177 7408.572220964271
178 7344.494403195029
179 7369.233786507542
180 7474.887366416265
181 7354.722827442992
182 7440.449847438967
183 7372.847649732018
184 7440.228924982865
185 7336.325812717071
186 7321.02397452139
187 7478.481465084325
188 7475.553613724843
189 7428.218959534739
190 7345.703223052088
191 7523.1859867577
192 7346.055257587625
193 7242.875537805073
194 7464.56976279079
195 7309.5905370635055
196 7430.3367365970225
197 7323.480627378876
198 7307.307379194512
199 7143.869122038654
200 7274.859572994946
201 7457.780587074283
202 7454.154339748071
203 7351.405787082573
204 7432.84085993484
205 7425.769060003221
206 7238.948387681486
207 7430.953970880111
208 7241.8447127183335
209 7527.587356109142
210 7380.956156785962
211 7242.383147817512
212 7558.006177648032
213 7222.757086553469
214 7422.751608491468
215 7261.042350557533
216 7207.525666173391
217 7423.47356687522
218 7269.409202973696
219 7365.798197867459
220 7486.152717855773
221 7567.026787796407
222 7306.449732943243
223 7291.541429605147
224 7280.33162315719
225 7303.951784905764
226 7341.679455057666
227 7376.673825071245
228 7325.360865371399
229 7256.10562168132
230 7383.977752117508
231 7309.9943053474935
232 7307.585686400488
233 7334.850925208719
234 7218.60424109818
235 7189.352709690906
236 7523.588271492588
237 7381.418841934191
238 7313.715272449223
239 7425.052869033655
240 7353.432241219849
241 7385.324920055497
242 7380.543814363127
243 7287.286879682194
244 7321.549631984444
245 7461.412092756197
246 7405.5713905506855
247 7222.223814337356
248 7277.911238144604
249 7442.829018325911
250 7386.329253643568
251 7451.392211178961
252 7386.288285494325
253 7279.8341287644425
254 7553.821266234721
255 7440.239559194683
256 7288.756511486466
257 7227.791695120332
258 7331.07712427704
259 7578.557398892149
260 7296.831171773054
261 7287.237925904954
262 7381.470873405196
263 7425.9150966560355
264 7314.107368487032
265 7348.160852449937
266 7322.083891874593
267 7527.3590385777
268 7233.697234177056
269 7359.318473513175
270 7257.843003340001
271 7175.974586849729
272 7398.478236149375
273 7197.752575472065
274 7303.32228314665
275 7353.804845510168
276 7438.669377664425
277 7310.060383911301
278 7454.286463722126
279 7410.3544652076225
280 7508.49028298704
281 7374.661643873416
282 7365.825125588749
283 7338.633065821939
284 7395.542969526407
285 7281.0035157223165
286 7387.630479051431
287 7290.603437067149
288 7385.777497685523
289 7264.2369937570875
290 7324.265389635484
291 7403.100075561367
292 7444.201163720184
293 7387.76427434818
294 7287.902288629461
295 7183.3301711037375
296 7324.823169931157
297 7344.228272227232
298 7317.79050908063
299 7357.882739179118
300 7370.556962691927
301 7596.205534645389
302 7377.065334688516
303 7420.142709216949
304 7438.053205901639
305 7377.86174831034
306 7362.222270379234
307 7398.566277059922
308 7446.391963369008
309 7252.883849108025
310 7439.877130765716
311 7347.239871942724
312 7414.438048298796
313 7414.959513693335
314 7487.4951820424285
315 7477.780516364286
316 7470.503374065167
317 7271.091800580648
318 7392.10442790422
319 7324.212880964695
320 7446.776229586652
321 7275.820797129292
322 7458.6611360055385
323 7386.614466909825
324 7300.686971769747
325 7371.775889641603
326 7436.245995050411
327 7358.4513850937765
328 7294.178181372898
329 7353.504494671737
330 7455.284064718571
331 7391.5203480913915
332 7321.8001593019535
333 7544.578565509881
334 7566.816009899517
335 7541.882487889055
336 7254.620218255726
337 7433.991387826594
338 7550.677396781257
339 7356.483091885033
340 7368.355116048912
341 7221.7907422601675
342 7521.556657862734
343 7434.417989513362
344 7348.975865263901
345 7464.9048131365
346 7289.627386027022
347 7382.533816149652
348 7430.981262758961
349 7314.928066671365
350 7227.197604834286
351 7488.472579394778
352 7453.812983089238
353 7508.019240357797
354 7367.856365126335
355 7279.0988525079165
356 7338.811159085498
357 7451.989393252972
358 7329.30173140629
359 7436.171009243202
360 7401.788452701957
361 7280.4290233162465
362 7351.706335939396
363 7222.006381755976
364 7425.954293291471
365 7264.977824359299
366 7479.152835211456
367 7403.031509917875
368 7290.193358372061
369 7438.386614561752
370 7238.353346371865
371 7193.298102220317
372 7298.0323850390605
373 7205.91923836257
374 7331.424562741871
375 7342.654556008802
376 7365.120037558131
377 7291.016929715158
378 7428.314259689306
379 7500.767414534439
380 7368.309103505698
381 7474.572431574915
382 7488.4343506505675
383 7317.586871485307
384 7287.944861848347
385 7449.2424441820285
386 7374.678018210291
387 7316.90879416743
388 7302.245742661457
389 7400.5033158680635
390 7465.216798643189
391 7314.382480322119
392 7258.183091467158
393 7392.604256032855
394 7221.182530603978
395 7313.6244552750195
396 7357.844467536531
397 7368.757582741678
398 7431.864125549608
399 7220.56788386698
400 7308.229896547002
401 7495.851044853375
402 7371.0383615083365
403 7467.512780843305
404 7417.198387583732
405 7526.18627948003
406 7222.676372202031
407 7407.254234136426
408 7343.164335880436
409 7518.4001392147175
410 7050.4378230391185
411 7540.120814654725
412 7185.868738825978
413 7295.10524524925
414 7398.5894571754425
415 7559.626634150803
416 7323.342328030324
417 7342.721971011122
418 7330.390445365368
419 7498.876538722332
420 7270.662643326397
421 7502.84931808958
422 7403.451085632088
423 7208.394689763797
424 7400.825043917068
425 7404.0574250609025
426 7319.398162938707
427 7537.683329429176
428 7258.746319551719
429 7383.198194566714
430 7311.359858166213
431 7387.89721365079
432 7441.4225575737955
433 7422.25661773448
434 7336.769897346811
435 7320.589207689089
436 7277.526974159366
437 7129.0225244631965
438 7447.528900371348
439 7305.707866392222
440 7311.771255715654
441 7316.872329739068
442 7346.2653331875035
443 7223.6277930119295
444 7501.703466850904
445 7400.244872532089
446 7331.1612513837645
447 7213.756776437393
448 7455.935964204896
449 7361.61652118518
450 7271.411874921856
451 7388.962147023221
452 7284.60493869525
453 7406.343325911418
454 7260.568994168409
455 7426.767285349546
456 7190.927729521544
457 7217.180440132028
458 7261.489348186919
459 7247.383316662571
460 7354.258227702211
461 7475.383307453569
462 7444.036886009623
463 7313.668520462763
464 7504.865997217801
465 7215.0456291377195
466 7250.135737574335
467 7331.696892572598
468 7218.781699906143
469 7343.248557732006
470 7317.867129377545
471 7287.1536301177075
472 7428.55117578466
473 7355.836194160154
474 7341.261661438312
475 7359.210365125415
476 7459.546313196661
477 7256.250791430425
478 7376.145045337423
479 7286.506359498125
480 7356.403048875639
481 7417.883330658215
482 7388.977804628883
483 7427.437470253515
484 7434.988269403069
485 7394.987473641483
486 7397.60339530277
487 7360.417018404193
488 7378.902225559359
489 7428.288956096945
490 7273.435034808166
491 7566.808936768967
492 7373.644737827097
493 7466.83767169954
494 7530.394466495472
495 7448.357965699322
496 7553.6639765118925
497 7274.536658605519
498 7322.878047189922
499 7340.894784249101
500 7416.37300404972
