1 0.034482758620689655
2 0.012232415902140673
3 0.01065891472868217
4 0.007168458781362007
5 0.02541436464088398
6 0.07267950963222417
7 0.0012062726176115801
8 0.010752688172043012
9 0.007743362831858407
10 0.00691699604743083
11 0.006493506493506494
12 0.016869728209934397
13 0.012433392539964476
14 0.044642857142857144
15 0.017357762777242044
16 0.025490196078431372
17 0.005235602094240838
18 0.028901734104046242
19 0.017991004497751123
20 0.006718924972004479
21 0.01794616151545364
22 0.16752577319587628
23 0.1517094017094017
24 0.049206349206349205
25 0.03875968992248062
26 0.0
27 0.004301075268817204
28 0.012121212121212121
29 0.027105517909002903
30 0.0415929203539823
31 0.0020920502092050207
32 0.015594541910331383
33 0.00585480093676815
34 0.007319304666056725
35 0.012403100775193798
36 0.0
37 0.017225747960108794
38 0.01874414245548266
39 0.005802707930367505
40 0.03565891472868217
41 0.007984031936127744
42 0.01904761904761905
43 0.08962264150943396
44 0.00510204081632653
45 0.015496809480401094
46 0.016494845360824743
47 0.0014084507042253522
48 0.014127144298688193
49 0.0019212295869356388
50 0.0
51 0.01990049751243781
52 0.001990049751243781
53 0.030949839914621132
54 0.012642225031605562
55 0.017130620985010708
56 0.021739130434782608
57 0.017857142857142856
58 0.02270577105014191
59 0.033264033264033266
60 0.12061711079943899
61 0.016861219195849545
62 0.007276507276507277
63 0.06273408239700375
64 0.0011467889908256881
65 0.0036036036036036037
66 0.015180265654648957
67 0.02011173184357542
68 0.0
69 0.02883506343713956
70 0.008687258687258687
71 0.021526418786692758
72 0.022770398481973434
73 0.02512998266897747
74 0.010956175298804782
75 0.04707012487992315
76 0.002386634844868735
77 0.003972194637537239
78 0.014234875444839857
79 0.0246189917936694
80 0.05828220858895705
81 0.02629016553067186
82 0.034482758620689655
83 0.018056749785038694
84 0.02186878727634195
85 0.004132231404958678
86 0.02165605095541401
87 0.008056394763343404
88 0.06393129770992366
89 0.12311557788944724
90 0.010256410256410256
91 0.0031746031746031746
92 0.01224105461393597
93 0.0
94 0.019195612431444242
95 0.03631010794896958
96 0.024271844660194174
97 0.00351288056206089
98 0.0051387461459403904
99 0.009655172413793104
100 0.05506607929515418
101 0.00441306266548985
102 0.07541625857002938
103 0.013
104 0.012716763005780347
105 0.016931216931216932
106 0.004491017964071856
107 0.03128371089536138
108 0.0087527352297593
109 0.02096177558569667
110 0.006517690875232775
111 0.019390581717451522
112 0.009233610341643583
113 0.007992895204262877
114 0.018145161290322582
115 0.03389830508474576
116 0.008323424494649227
117 0.013544018058690745
118 0.019793459552495698
119 0.0065420560747663555
120 0.008501594048884165
121 0.012181616832779624
122 0.014145810663764961
123 0.024793388429752067
124 0.018901890189018902
125 0.007738607050730868
126 0.017811704834605598
127 0.04216073781291173
128 0.011647254575707155
129 0.03939393939393939
130 0.016216216216216217
131 0.038974358974358976
132 0.04009433962264151
133 0.0053404539385847796
134 0.014285714285714285
135 0.005928853754940711
136 0.010086455331412104
137 0.013084112149532711
138 0.05758157389635317
139 0.0
140 0.00964630225080386
141 0.0035778175313059034
142 0.03884711779448621
143 0.048993875765529306
144 0.009972801450589302
145 0.0031746031746031746
146 0.01079136690647482
147 0.01839080459770115
148 0.03968253968253968
149 0.006944444444444444
150 0.10810810810810811
151 0.055944055944055944
152 0.006696428571428571
153 0.0
154 0.02702702702702703
155 0.002150537634408602
156 0.0
157 0.02993348115299335
158 0.009079118028534372
159 0.004559270516717325
160 0.005543237250554324
161 0.07452165156092648
162 0.05273833671399594
163 0.019383259911894272
164 0.02102376599634369
165 0.10694444444444444
166 0.034574468085106384
167 0.027653880463871544
168 0.035908596300326445
169 0.002197802197802198
170 0.014285714285714285
171 0.0012626262626262627
172 0.0610236220472441
173 0.007352941176470588
174 0.04686192468619247
175 0.006776379477250726
176 0.011016949152542373
177 0.02154398563734291
178 0.08121827411167512
179 0.0030241935483870967
180 0.04251207729468599
181 0.07397737162750218
182 0.028142589118198873
183 0.02348993288590604
184 0.010183299389002037
185 0.0
186 0.03621730382293763
187 0.02125506072874494
188 0.0027624309392265192
189 0.020892687559354226
190 0.017817371937639197
191 0.0
192 0.0650887573964497
193 9.596928982725527E-4
194 0.0013477088948787063
195 0.009950248756218905
196 0.02932551319648094
197 0.01616915422885572
198 0.015240328253223915
199 0.016550522648083623
200 0.017718715393133997
201 0.037359900373599
202 0.0045045045045045045
203 0.026709401709401708
204 0.10909090909090909
205 0.006269592476489028
206 0.012618296529968454
207 0.029791459781529295
208 0.05755395683453238
209 0.00676818950930626
210 0.012195121951219513
211 0.0012285012285012285
212 0.0021141649048625794
213 0.041379310344827586
214 0.021032504780114723
215 0.0041109969167523125
216 0.020050125313283207
217 0.04672897196261682
218 0.006433823529411764
219 0.03088803088803089
220 0.022835394862036156
221 0.004545454545454545
222 0.004231311706629055
223 0.0044004400440044
224 0.005780346820809248
225 0.06795131845841786
226 0.021032504780114723
227 0.07373271889400922
228 0.014527845036319613
229 0.001321003963011889
230 0.012547051442910916
231 0.0216998191681736
232 0.030805687203791468
233 0.075
234 0.11006289308176101
235 0.02191464821222607
236 0.0148861646234676
237 0.0065116279069767444
238 0.04336734693877551
239 0.017341040462427744
240 0.01560758082497213
241 0.0175609756097561
242 0.016564952048823016
243 0.0255885363357216
244 0.0
245 0.006578947368421052
246 0.009633911368015413
247 0.04933920704845815
248 0.023001095290251915
249 0.013888888888888888
250 0.07268722466960352
251 0.0
252 0.04852941176470588
253 0.06761177753544166
254 0.014492753623188406
255 0.0
256 0.03996366939146231
257 0.017969451931716084
258 0.03507194244604316
259 0.008385744234800839
260 0.043478260869565216
261 0.006979062811565304
262 0.041808873720136516
263 0.04408352668213457
264 0.014558689717925387
265 0.08552631578947369
266 0.04723502304147465
267 0.07730061349693251
268 0.006644518272425249
269 0.0625
270 0.013169446883230905
271 0.016589861751152075
272 0.008108108108108109
273 0.004362050163576881
274 0.010619469026548672
275 0.00922722029988466
276 0.006404391582799634
277 0.02127659574468085
278 0.011732851985559567
279 0.027965284474445518
280 0.003500583430571762
281 0.009211873080859774
282 0.15614617940199335
283 0.003048780487804878
284 0.023029229406554472
285 0.04281345565749235
286 0.01859504132231405
287 0.008547008547008548
288 0.02023809523809524
289 0.02607561929595828
290 0.012302284710017574
291 0.003076923076923077
292 0.030063291139240507
293 0.00641025641025641
294 0.029141104294478526
295 0.0
296 0.024623803009575923
297 0.029304029304029304
298 0.018518518518518517
299 0.0111731843575419
300 0.03326996197718631
301 0.001941747572815534
302 0.002544529262086514
303 0.008522727272727272
304 0.008583690987124463
305 0.04043392504930966
306 0.013769363166953529
307 0.08830744071954211
308 0.006150061500615006
309 0.022058823529411766
310 0.04317789291882556
311 0.007272727272727273
312 0.013184584178498986
313 0.015763546798029555
314 0.021484375
315 0.009242144177449169
316 0.009696969696969697
317 0.0196078431372549
318 0.021463414634146343
319 0.03264604810996564
320 0.006309148264984227
321 0.024891774891774892
322 0.0035046728971962616
323 0.033950617283950615
324 0.023185483870967742
325 0.01364877161055505
326 0.057483731019522775
327 0.026706231454005934
328 0.08791208791208792
329 0.015130674002751032
330 0.04912663755458515
331 0.005154639175257732
332 0.0677731673582296
333 0.02127659574468085
334 0.11507582515611062
335 0.003940886699507389
336 0.030832476875642344
337 0.041033434650455926
338 0.02480270574971815
339 0.020793950850661626
340 0.0027958993476234857
341 0.0
342 0.010676156583629894
343 0.018800358102059087
344 0.009433962264150943
345 0.014659685863874346
346 0.014492753623188406
347 0.0
348 0.0027752081406105457
349 0.03926096997690531
350 0.06451612903225806
351 0.012746234067207415
352 0.0048828125
353 0.014271151885830785
354 0.01455604075691412
355 0.00760043431053203
356 0.05673758865248227
357 0.02531645569620253
358 0.03134796238244514
359 0.03426395939086294
360 0.01834862385321101
361 0.01782178217821782
362 0.1905781584582441
363 0.015873015873015872
364 0.040214477211796246
365 0.0
366 0.0055658627087198514
367 0.007889546351084813
368 0.02154398563734291
369 0.012195121951219513
370 0.022426095820591234
371 0.03147208121827411
372 0.008465608465608466
373 0.009375
374 0.008688097306689836
375 0.004746835443037975
376 0.014388489208633094
377 0.02661064425770308
378 0.05405405405405406
379 0.02818489289740699
380 0.014102564102564103
381 0.024311183144246355
382 0.026460859977949284
383 0.0027472527472527475
384 0.020499108734402853
385 0.018796992481203006
386 0.0034965034965034965
387 0.028985507246376812
388 0.008849557522123894
389 0.023002421307506054
390 0.027662517289073305
391 0.0017271157167530224
392 0.014847161572052401
393 0.02455795677799607
394 0.036065573770491806
395 0.010183299389002037
396 0.009879253567508232
397 0.010830324909747292
398 0.051470588235294115
399 0.012998266897746967
400 0.012195121951219513
401 0.017424975798644726
402 0.02205177372962608
403 0.0038424591738712775
404 0.00411522633744856
405 0.017881705639614855
406 0.012048192771084338
407 0.02035928143712575
408 0.022727272727272728
409 0.036016949152542374
410 0.011428571428571429
411 0.013774104683195593
412 0.004651162790697674
413 0.009977827050997782
414 0.01282051282051282
415 0.0
416 0.03567984570877531
417 0.028811524609843937
418 0.0
419 0.054695562435500514
420 0.008183306055646482
421 0.017335766423357664
422 0.020361990950226245
423 0.0
424 0.04791344667697063
425 0.041988950276243095
426 0.01700318809776833
427 0.0
428 0.006730769230769231
429 0.0010416666666666667
430 0.007202881152460984
431 0.004044489383215369
432 0.00682261208576998
433 0.007042253521126761
434 0.010784313725490196
435 0.016203703703703703
436 0.04970178926441352
437 0.007113821138211382
438 0.0031088082901554403
439 0.0
440 0.1678224687933426
441 0.005698005698005698
442 0.0227765726681128
443 0.011976047904191617
444 0.008443908323281062
445 0.02109300095877277
446 0.0
447 0.0046439628482972135
448 0.008964143426294821
449 0.018309859154929577
450 0.002688172043010753
451 0.017241379310344827
452 0.0496054114994363
453 0.0017064846416382253
454 0.016901408450704224
455 0.016646848989298454
456 0.00980392156862745
457 0.058394160583941604
458 0.0365296803652968
459 0.009549795361527967
460 0.09174311926605505
461 0.0
462 0.03294367693942614
463 0.022284122562674095
464 0.0
465 0.07272727272727272
466 0.01444043321299639
467 0.03696303696303696
468 0.03826530612244898
469 0.025839793281653745
470 0.006711409395973154
471 0.05070422535211268
472 0.05771050141911069
473 0.061752988047808766
474 0.002717391304347826
475 0.024602026049204053
476 0.0023752969121140144
477 0.013914656771799629
478 0.0136986301369863
479 0.0
480 0.04446546830652791
481 0.009708737864077669
482 0.020134228187919462
483 0.009380863039399626
484 0.024361948955916472
485 0.01560758082497213
486 0.02192448233861145
487 0.045364891518737675
488 0.009308510638297872
489 0.0014124293785310734
490 0.012048192771084338
491 0.04424778761061947
492 0.007827788649706457
493 0.013513513513513514
494 0.04966887417218543
495 0.010820559062218215
496 0.012779552715654952
497 0.002631578947368421
498 0.011701170117011701
499 0.0
500 0.0
