1 43.63289239856867
2 44.1612302327604
3 43.17861804020242
4 40.37108668783124
5 51.911318787195725
6 85.80379491757242
7 57.90540686874118
8 58.457089831906345
9 49.87240174240052
10 40.75126991684475
11 43.57024008283771
12 41.06028685105903
13 38.85743377539488
14 51.76346076514903
15 46.61087985667687
16 51.14879821480798
17 63.07554237560421
18 46.371672450451754
19 41.66413648690788
20 33.055755122711396
21 31.363808142607855
22 44.59798019120165
23 58.9430439453408
24 56.28743131735391
25 37.21112846903024
26 43.01433058786002
27 43.924492214518956
28 46.08079567309675
29 48.73855616116091
30 29.992982027026052
31 44.60667454388399
32 51.59982855235988
33 98.39621975331931
34 68.40250037976192
35 50.10666511225523
36 40.143413804228594
37 41.29893807552328
38 37.931821051062244
39 70.3024542340395
40 38.33274618313162
41 51.430672477490226
42 46.02536840680504
43 30.565819248971497
44 75.14722961949336
45 46.044690374751426
46 44.04942211830455
47 47.188174467282565
48 48.58738124183662
49 43.854922358072756
50 44.5044796849842
51 51.485258353416924
52 44.068309841314715
53 47.71997054999784
54 64.95170412998841
55 52.199331159784606
56 54.82009246509307
57 44.636797945707876
58 38.001007690446954
59 41.49295718999232
60 46.48620273628785
61 54.73438637612989
62 49.54563083083114
63 52.010559656307436
64 92.27725393030649
65 42.62241542973292
66 37.26116715103323
67 58.611249297982695
68 48.05523971864262
69 66.13826511567412
70 53.07516828134165
71 38.4107545172735
72 37.497407692723634
73 62.25062299761446
74 60.397406765951224
75 47.15867709198967
76 40.03034897663035
77 68.914832848546
78 46.50601278084337
79 75.86848868945476
80 46.646016178342045
81 42.060889522173305
82 36.21874374350297
83 45.85006593099236
84 38.73517285586413
85 33.59040804822008
86 46.82217028251435
87 39.417152498156355
88 45.669801522993204
89 50.02906707123042
90 39.52648080012623
91 51.57274247545213
92 46.349361189798046
93 37.493710933969645
94 71.59611400557664
95 122.06018051672116
96 42.09852598585535
97 60.425528838110885
98 48.66911680515345
99 36.18634985336883
100 41.529076108331324
101 51.70049816868422
102 43.61246534950238
103 42.16270618897801
104 49.01509301275648
105 51.0815455621234
106 79.2965815642556
107 53.505943211491186
108 58.549605233769114
109 72.4026250178433
110 49.35963235526496
111 41.78992890535659
112 36.08460023516626
113 47.24075861320144
114 60.91190703807494
115 54.503944671497116
116 34.69258533625554
117 52.573961885745526
118 38.75998061927197
119 32.300490843819944
120 40.55497654846266
121 47.93214188716226
122 51.459439201590534
123 51.40877380469821
124 36.22630749229208
125 54.62763374643021
126 52.39165959577598
127 63.97518198497907
128 75.50684865041346
129 52.597785415000224
130 44.27216517031982
131 41.34609835969146
132 89.18874075174536
133 59.5684989832017
134 47.18438129258696
135 61.82938980264908
136 51.10423936457763
137 40.77221887364392
138 37.398553438542876
139 40.16459027572157
140 43.61307090024199
141 40.975198520541234
142 34.40100626911848
143 36.66839727913452
144 53.730075276043785
145 41.39035903046611
146 42.8770285933257
147 48.18559279506477
148 50.11500045354252
149 45.038242155478684
150 47.54252699032994
151 67.80812569125071
152 49.55918735818735
153 79.91505709793289
154 52.12316449930805
155 47.53051002901431
156 46.5974538760903
157 37.94059767722761
158 38.59568582633585
159 35.42273841276305
160 52.91565271369446
161 40.80653268198012
162 45.0354571883415
163 65.72657362879099
164 46.98997327639126
165 98.04447375600913
166 37.498990597698764
167 35.19506767946823
168 67.01614206031228
169 43.716574526942665
170 35.93423381630663
171 53.91060786611725
172 58.99213474241705
173 49.779842736330565
174 51.50358201709814
175 45.0487796855441
176 50.3577319045147
177 43.027893523324
178 39.605584768939124
179 38.48451659850171
180 49.59213588635716
181 52.003486125208546
182 30.052347513626714
183 37.62301365274892
184 32.68751924927161
185 36.93190838056835
186 41.475658157867066
187 50.42285887560945
188 31.005685640888053
189 36.70929329705546
190 49.543872636915104
191 52.11519726912092
192 50.346603048347625
193 35.0980161040011
194 61.899471510445835
195 47.3637551415218
196 37.529376302296576
197 64.6709402002968
198 46.905390250727095
199 42.678977418025625
200 75.82500976455022
201 46.04571397511748
202 47.27324994489711
203 40.48687241942607
204 40.66873622993605
205 44.999618972834455
206 52.47089106534434
207 39.62844045376267
208 46.40375786560146
209 47.880873402249236
210 44.59071198606495
211 72.44566876273308
212 42.69014181353324
213 43.57199993269953
214 53.11535623411925
215 51.50436562807224
216 43.542655176928015
217 67.25763701442155
218 57.6345088977994
219 43.72245909889357
220 49.19780662516028
221 49.656344464570765
222 35.26734041566651
223 39.61666776324866
224 52.44646333277597
225 44.197569143766685
226 69.05951437350146
227 71.32381805004262
228 54.67761628092691
229 39.58430056975109
230 46.85792719129327
231 80.62166089066075
232 42.95915149731334
233 61.44591866285247
234 41.76140562698053
235 67.56439425178193
236 52.733212938541364
237 45.974966538305424
238 47.79254030354461
239 59.085954196631306
240 52.92375618975277
241 50.128766638055744
242 44.70229226233171
243 42.4073572756119
244 52.533939678885375
245 49.03912083743763
246 45.91101601182801
247 39.90052162656459
248 41.88418646613122
249 44.56925359354866
250 47.11572788414418
251 97.61579609679578
252 51.65557456386094
253 51.33288012307946
254 50.98387236302678
255 48.43499350523114
256 44.225804799521626
257 57.67996440506124
258 52.329638681903475
259 33.96781455486462
260 49.76451502803265
261 54.1486713435393
262 36.20662241740054
263 38.88452402972983
264 33.0419087361263
265 46.35595869134138
266 32.36007292067731
267 38.402387032053
268 50.252179481236546
269 39.54796542012603
270 65.3319856723096
271 41.17410119467613
272 43.51168975320799
273 50.06505538685762
274 41.33216591815299
275 54.828975761630886
276 38.34371632785355
277 54.59748215870417
278 46.781805544280466
279 51.72305246275636
280 40.6247987676947
281 52.73459205178256
282 44.35288057117312
283 39.31880719971635
284 43.40632205526189
285 60.661629519853214
286 32.707278717088656
287 45.76521007723785
288 57.18722533344651
289 42.29225833785166
290 45.057058374922036
291 75.55132217134994
292 36.16179870883751
293 40.59603652175642
294 63.81722494630806
295 51.79563089141591
296 83.5329377583716
297 39.78875651483976
298 70.2123339536592
299 57.81581336522208
300 37.25054266141363
301 58.76081542227007
302 44.39181452665406
303 38.67004465530071
304 52.013381583928656
305 31.85322147701943
306 46.91879438261606
307 36.79768802921144
308 37.85076566055795
309 48.55837900081832
310 44.84816320079428
311 53.463126087658395
312 52.704969806711745
313 41.11433953700102
314 58.01165899145488
315 42.38205832916281
316 58.5799678989083
317 53.84717170117516
318 40.334711266260115
319 55.39098152801006
320 41.71012640702239
321 42.520706366310186
322 47.18262496586794
323 63.47688659624777
324 39.5595760616923
325 55.18754212957832
326 59.094140733610864
327 40.86978289997326
328 85.63048927581558
329 55.16029969617174
330 40.059975397833426
331 44.6313638374054
332 59.19532556264659
333 73.31098285357206
334 71.27675175586656
335 46.944613631734214
336 44.97944238681568
337 62.40693303250968
338 41.40485253388214
339 48.99018666901213
340 70.98143361464258
341 40.47694346297351
342 41.643377858399475
343 33.832923598887675
344 51.75585886419837
345 41.64203667490153
346 41.368032871617146
347 43.86820253160742
348 43.22382782133343
349 68.76431395470624
350 68.82597506229715
351 43.86475341273819
352 58.65818248154738
353 49.05277790410148
354 63.024398409227075
355 42.357887859179094
356 47.651379038201206
357 55.9965846003873
358 64.73597994265769
359 38.19057666352537
360 38.079666426981085
361 36.518281200589776
362 46.98931677891168
363 47.84764765383504
364 45.48918269412551
365 49.98831067233567
366 47.38088768858012
367 48.305838657686856
368 43.24694274058167
369 46.011148552781584
370 44.16294917679985
371 52.454826253873954
372 43.8461924113241
373 68.63370085064018
374 36.372295223387944
375 45.950623563873755
376 45.07441869144461
377 45.53717928612721
378 46.72020640704086
379 67.48415890026155
380 39.91859533401003
381 49.03718723704007
382 39.83155830333053
383 51.536013518495324
384 36.86221562236156
385 75.36098221796946
386 49.27911132997612
387 45.48881209978653
388 32.49463347646614
389 60.13655211846478
390 43.62466862612372
391 44.58920264068435
392 52.98378254080403
393 62.5339317552009
394 61.93031323652505
395 37.463433228698435
396 62.21811031457967
397 55.29130498600313
398 67.74136957011743
399 42.04643141013881
400 60.75824892799448
401 57.79058123667131
402 39.80117773455831
403 41.13410889613452
404 42.27062264418327
405 41.93191493934655
406 39.559731984138516
407 48.535523556249046
408 56.27423205894121
409 40.48262522824379
410 39.62340882444062
411 75.53973333704543
412 38.298576531236534
413 62.82733173036575
414 57.054013977438736
415 47.57055732435589
416 44.81375891305236
417 47.49382998800522
418 77.0221444009421
419 80.33401829890676
420 45.20311008748871
421 59.10692099537702
422 49.748049203731775
423 47.238217149206015
424 46.635476201286195
425 75.58864448416747
426 42.43433356952568
427 42.190842503737976
428 39.929594623527656
429 80.17630677261208
430 44.261707269862036
431 39.37571971742716
432 47.41800653268312
433 61.45955007887641
434 54.633068469862216
435 38.63836437067708
436 49.16419901529717
437 37.93223896935627
438 53.26636342618052
439 65.01310824291942
440 48.530571848741836
441 55.12665137827463
442 56.469123130233704
443 44.45591103144532
444 62.72605687969816
445 32.59222105133087
446 43.98137032006793
447 44.260574838956956
448 43.12780742502363
449 42.20491342466198
450 40.997715365991
451 48.14488090559724
452 46.79240597452958
453 37.73449978819144
454 63.55755417451471
455 43.179775828430905
456 33.45212151870028
457 69.56833429324665
458 58.336097893592374
459 45.608056243664514
460 42.99994089669563
461 65.03977383584994
462 63.31748098011829
463 44.68876060124805
464 53.44547637441721
465 49.6207769833489
466 41.71823583255459
467 83.66262544372982
468 65.21811713009312
469 38.615678647514365
470 59.149067629292595
471 40.50413531849034
472 47.17714495616428
473 48.08639046068394
474 68.98401310321933
475 34.10796391173894
476 38.92637531058665
477 55.775432681082876
478 43.75174553835273
479 48.44851434309209
480 73.72699739438976
481 42.186005588951886
482 50.19833325801084
483 57.18709102535753
484 36.976936549686314
485 56.75761668540564
486 40.22915590213038
487 34.47167284600779
488 39.824627262204416
489 74.67209425627091
490 32.88425262280881
491 36.28024345476186
492 38.98488483946328
493 40.785678865670945
494 41.61024915554406
495 54.897676896789555
496 41.535036669082466
497 41.836925825847004
498 38.23851192246473
499 48.47592579116083
500 40.26172975950347
501 47.73605714935898
502 55.994669982239664
503 47.65434338212087
504 47.73631753114314
505 69.54270665721656
506 36.23278139882807
507 58.89539502236142
508 59.12448834868535
509 46.49013261144843
510 48.85312962393408
511 42.633269971135974
512 70.12822838435265
513 55.61931953900835
514 42.248377862421236
515 45.5003980907761
516 59.213453491152855
517 40.83095364164399
518 79.28971839264982
519 39.3733685772962
520 51.42754649874854
521 37.940526398987416
522 39.20748417959337
523 61.95224570508327
524 36.13429046288541
525 58.00337482252144
526 46.040544100361544
527 34.90727450412283
528 52.75851738001286
529 51.44104919771155
530 68.52414957584402
531 33.367239104429004
532 56.26837621348874
533 81.37509057240598
534 40.67704176284701
535 52.28764738522461
536 48.4911847910021
537 62.60587455417518
538 44.32628636009655
539 47.74219211745134
540 49.66662019809051
541 33.97694568743578
542 58.36053267567018
543 40.00394103197183
544 38.13992188793142
545 43.406294115456475
546 31.52850021269789
547 51.46216333778979
548 40.122201708666424
549 51.06933484850269
550 38.55282963788628
551 37.967628080208115
552 51.52350122942859
553 71.0682054479132
554 43.18711846526018
555 63.39685245458299
556 36.43142052545359
557 45.299683069366544
558 54.170288163896764
559 40.156237020642166
560 47.794481109637864
561 42.00611922604251
562 44.76047651205367
563 38.007192284875465
564 41.660303497487845
565 59.591742675104996
566 44.149904799966954
567 34.75885613207347
568 41.548154312160676
569 39.53598013770596
570 66.69204050293338
571 48.92625095812171
572 37.84219221017153
573 41.79288908754277
574 47.54280095424147
575 38.70892045347135
576 63.709943474497564
577 74.46259728730458
578 50.28570890084452
579 36.40791522761457
580 63.65304057275839
581 58.14982833243944
582 61.01906488350193
583 41.46599555226207
584 51.904147518809836
585 63.89384133872736
586 64.19766882028928
587 53.817978290523854
588 59.916870378606006
589 54.387185621417835
590 87.36773570407378
591 95.93002176764222
592 57.28647354923916
593 72.46969468596944
594 52.01314142008568
595 63.66213419070549
596 45.42970893018615
597 84.53626002420273
598 42.87990267480491
599 68.6734362653856
600 42.298267724372806
601 69.15957146097386
602 49.34020603462914
603 39.23019008779047
604 58.305532998134474
605 49.51337202735745
606 41.23722323862242
607 41.689038267362264
608 39.63906337873429
609 39.03535268917621
610 63.095888276607035
611 56.98164700241239
612 73.86910702922648
613 52.6071506225158
614 55.62680687093472
615 51.32578810599926
616 45.85348701067861
617 43.30500832444195
618 41.021152294889426
619 53.933035745342764
620 60.710511207030734
621 47.58984791826966
622 56.33049607736779
623 45.21481079082459
624 44.20814748566413
625 61.784768881695655
626 53.669839453601995
627 50.414889762928745
628 62.406867609679075
629 80.59673617764386
630 47.70526044356725
631 65.65317485923897
632 94.13264952283696
633 61.24651598194816
634 43.986611012921095
635 82.05479892419217
636 54.64569564352554
637 42.22187026345458
638 32.833709303763484
639 39.54576389756467
640 47.01492262651755
641 45.68331701921404
642 33.500924114218456
643 43.8882200201868
644 75.5550901275766
645 43.505568800945305
646 44.428183242990954
647 51.50219110098044
648 52.586097686635775
649 49.1672238896688
650 47.9879283341905
651 43.969674202305804
652 41.95994968689949
653 52.3536808601489
654 34.606101548156026
655 50.217328179275775
656 39.75172352617737
657 82.48923325753361
658 54.233365393576705
659 46.21434095779318
660 42.50787754991039
661 46.451203163239335
662 36.11496372508944
663 37.606133587221805
664 52.94595732970844
665 51.56584093787901
666 41.29450322146964
667 67.6266407192332
668 55.448518402580106
669 38.47073395821296
670 68.17169406878122
671 71.1915046106365
672 48.98808198990716
673 42.83767423902914
674 37.819741286899536
675 38.33867616003859
676 85.24845514881574
677 41.25276317106524
678 94.5294281281871
679 48.28087070564392
680 41.52382015579967
681 50.8233119255268
682 43.88699825073274
683 42.27150320795913
684 40.37008990564775
685 44.437914988558674
686 59.24431908851098
687 129.9029551397603
688 41.66907300389161
689 39.28749613691104
690 39.554766790332756
691 42.936966660571954
692 46.86107980156297
693 48.653397353741966
694 68.5963097237598
695 41.21272118487972
696 50.00224233347267
697 50.302578056999515
698 64.96274324283789
699 65.07756988992504
700 58.519472225161735
701 47.929039009807056
702 49.448257957799086
703 43.89389254966618
704 94.3839018534543
705 40.64915735286169
706 35.739349455410746
707 47.400138338771065
708 57.3309213175478
709 52.564502061454576
710 40.958311438672816
711 59.588969056259494
712 44.458495763009864
713 47.593368971745456
714 35.143238535806475
715 35.041815046862354
716 62.46066516368565
717 40.6450588496687
718 45.31139262728053
719 50.92399025891996
720 84.76679438166069
721 43.64407794534598
722 38.31509276273461
723 32.85222516030158
724 38.00550886631275
725 41.002291137961635
726 75.71151971887357
727 39.563896093992625
728 52.891220782365714
729 41.61927415854376
730 35.98429045927499
731 45.32721222517436
732 41.969683344233864
733 42.61602927834074
734 43.757105778620904
735 38.596388784859066
736 37.49189563715935
737 107.20775360109356
738 52.20090698759807
739 65.34025304952647
740 50.073499677544
741 48.30796254495427
742 40.16056185361319
743 41.70520186061323
744 58.65166240011337
745 49.14888121832458
746 52.6451156152124
747 68.98969275553559
748 38.77422581031202
749 47.21897660763664
750 45.56795080922522
751 46.4684033775189
752 37.83569271331393
753 73.7268163734304
754 35.41970997358334
755 39.40278415659428
756 46.61603783783204
757 42.00312530455522
758 51.08735895790519
759 42.22604547132615
760 69.14674801938766
761 74.05853687402565
762 38.49364685880628
763 43.623762698448246
764 42.66537759227492
765 59.63591343755064
766 43.098593937744965
767 43.227736817696425
768 40.62898802518356
769 41.34052715383384
770 44.37918529916029
771 51.40288268575124
772 69.44184678974591
773 41.45961144933919
774 42.761659008598386
775 54.13745534972299
776 41.040283156326026
777 49.53889674807267
778 46.719425006883355
779 49.54384810061345
780 62.77815524985436
781 55.16807445845617
782 38.34110931062327
783 42.46075897352666
784 60.088198445295916
785 35.69154370509064
786 60.227548549646485
787 49.27738127711695
788 71.46843338248358
789 45.687349336337114
790 51.93049349104807
791 39.49729840244422
792 45.00439284618642
793 54.02143822157435
794 46.05656203264412
795 36.058885021451474
796 66.82003529463466
797 32.41795282013351
798 53.846967841518
799 41.44708751681097
800 40.78985872661902
801 38.0589298196829
802 40.19242837117592
803 30.35108747520179
804 54.96398378615947
805 40.286641689555516
806 38.193499798773175
807 39.70483247310386
808 50.52343642646339
809 47.743479489376455
810 55.560115196721725
811 48.998319398598944
812 53.83867440970466
813 35.370777332662556
814 46.452234441863126
815 54.91181110333737
816 40.987161249953466
817 43.992839260740034
818 34.25546215629871
819 63.73904349782522
820 44.33355217639344
821 39.922938403001076
822 34.19949512641348
823 37.905488738172494
824 51.414239743610906
825 57.03367756488402
826 61.07207157766169
827 37.80238181095814
828 45.661111859465066
829 48.703015185065624
830 41.077708707148076
831 50.88024627950836
832 44.14024034717548
833 46.81294764916513
834 40.29065922972178
835 40.75570564522003
836 49.189452950993136
837 49.88984128904722
838 59.36614714139306
839 51.23526064170022
840 41.005203946791816
841 34.384588863033656
842 55.38479691355948
843 57.84659113493158
844 49.57715320441838
845 41.13502944891068
846 42.290711837370004
847 104.50267269227773
848 48.19619428672558
849 56.32638635066798
850 36.273126573957924
851 47.23222293890934
852 58.74820826282913
853 51.52723835132585
854 36.37851919507014
855 52.816016038363955
856 49.44994991220079
857 67.77968102004193
858 41.31152489254245
859 35.86818441921225
860 37.829439852159815
861 63.80873454028375
862 48.34103086038501
863 54.37166528041847
864 44.30641009685813
865 42.417454562163265
866 40.55278577099526
867 69.48601697228946
868 42.16548057779231
869 43.2226608321818
870 38.07745760404805
871 40.30920683748046
872 62.17232690211081
873 44.07655971922376
874 41.42535333974523
875 45.49202643318691
876 35.24716880292706
877 39.75954984058877
878 127.14959881095378
879 39.36857057228046
880 42.37426138187706
881 35.63607466837742
882 42.36518985553485
883 41.084516452598855
884 67.72518299382648
885 66.58134639921357
886 41.48606971148712
887 57.80096678765762
888 74.31699095550898
889 54.354661385542556
890 37.98212660777951
891 36.639800278346684
892 43.7540811544199
893 54.73376008242891
894 39.9172605167562
895 43.61600103085889
896 71.3774541769532
897 83.2386803282351
898 61.19928334833782
899 38.51733744104549
900 57.534597821518155
901 35.02569110610295
902 46.94276510653414
903 44.42319475976443
904 49.16356959775269
905 64.02294915564413
906 37.05579519534508
907 36.25296330053754
908 61.961266985838535
909 52.89107058567156
910 46.293888136947835
911 47.5703648191441
912 42.25319098318232
913 46.68255797483176
914 64.43347344628764
915 39.142001910593045
916 41.619868059503496
917 54.973314669806435
918 44.13474902003188
919 51.6050823499529
920 45.65615400695876
921 40.98932460257145
922 44.6063170687319
923 47.30907559865482
924 39.580645423965514
925 56.70600647343382
926 49.72523536190827
927 49.5369420178318
928 43.049774538935516
929 40.96861566731798
930 42.617090235233434
931 64.40438040079462
932 47.59103183101868
933 46.73008532446791
934 50.93487306870447
935 45.183853765678755
936 46.67546454107338
937 48.28243194518765
938 43.74106771405906
939 70.6302945892224
940 48.63546319827488
941 40.66283273591286
942 39.427194726689685
943 63.516946563013924
944 42.974962371915225
945 41.38462068861263
946 45.83837967714121
947 51.88677036122484
948 37.26933545447101
949 59.311019753284526
950 40.83315420181256
951 37.94712556958911
952 56.551942745621794
953 40.89152648227712
954 36.92838705714048
955 44.868464683396105
956 44.53811677015716
957 37.15535545723866
958 50.37682741842953
959 43.59614949426443
960 58.603065636890726
961 40.069772090413245
962 69.5884540708727
963 33.98928153740162
964 70.80056765314058
965 44.18232174095203
966 37.565083733875056
967 36.72739523242851
968 47.26541542999387
969 41.87273518050196
970 42.84477174653678
971 64.75534346079938
972 53.224204011505826
973 45.64338426161032
974 36.86195839334243
975 43.69685137833614
976 40.26779778488652
977 58.47610309301619
978 47.11100901960465
979 49.915126448292796
980 42.80061624875922
981 44.87891913128161
982 42.97948961272846
983 47.80763523734984
984 42.43462737097283
985 66.77985608705177
986 70.58495339122568
987 108.84688432387271
988 45.27976945317332
989 41.462276683565314
990 42.998787737359066
991 39.42499612537117
992 68.99995194609203
993 70.39196640393085
994 48.945567757515
995 60.09243123609114
996 54.54206457104515
997 45.002344430316334
998 48.72399415151939
999 38.74936165412096
1000 54.48987008952158
