1 0.0
2 0.0
3 0.0
4 0.0
5 0.0
6 0.02392739273927393
7 0.0
8 0.008177570093457943
9 0.0
10 0.0
11 0.0
12 0.0
13 0.0
14 0.0
15 0.004559270516717325
16 0.0
17 0.0
18 0.0014367816091954023
19 0.0
20 0.0
21 0.0
22 0.0
23 0.0
24 0.012875536480686695
25 0.0
26 0.0
27 0.0
28 0.0
29 0.0018165304268846503
30 0.0
31 0.0
32 0.0
33 0.039777983348751156
34 0.010299625468164793
35 0.0
36 0.0
37 0.0
38 0.0
39 0.015719467956469165
40 0.0
41 0.0
42 0.0
43 0.0
44 0.022115384615384617
45 0.0
46 0.0
47 0.027624309392265192
48 0.0
49 0.0
50 0.0
51 0.0
52 0.0
53 0.0
54 0.0
55 0.0
56 0.022222222222222223
57 0.0
58 0.0
59 0.0
60 0.0
61 0.0025940337224383916
62 0.0
63 0.0
64 0.025423728813559324
65 0.0
66 0.0
67 0.01443001443001443
68 0.0
69 0.04861111111111111
70 0.011063829787234043
71 0.0
72 0.0
73 0.002583979328165375
74 0.010101010101010102
75 0.0
76 0.0
77 0.0437636761487965
78 0.0
79 0.09271523178807947
80 0.0
81 0.0
82 0.0
83 0.0
84 0.0
85 0.0
86 0.00102880658436214
87 0.0
88 0.0
89 0.0
90 0.0
91 0.0
92 0.0
93 0.0
94 0.004803073967339097
95 0.08290155440414508
96 0.0
97 0.014314928425357873
98 0.0
99 0.0
100 0.0
101 0.0
102 0.0
103 0.002178649237472767
104 0.0
105 0.0
106 0.022130013831258646
107 0.011904761904761904
108 0.0
109 0.03268945022288262
110 0.00821917808219178
111 0.0
112 0.0
113 0.0
114 0.0
115 0.01366742596810934
116 0.0
117 0.01263823064770932
118 0.0
119 0.0
120 0.0
121 0.0
122 0.0
123 0.0
124 0.0
125 0.01443298969072165
126 0.004405286343612335
127 0.04157043879907621
128 0.015625
129 0.007776049766718507
130 0.0010438413361169101
131 0.0
132 0.06684141546526867
133 0.043137254901960784
134 0.0
135 0.04121475054229935
136 0.0
137 0.0
138 0.0
139 0.0
140 0.0
141 0.0
142 0.0
143 0.0
144 0.006165228113440197
145 0.0
146 0.0
147 0.0
148 0.0
149 0.0
150 0.0
151 0.003798670465337132
152 0.0
153 0.024581005586592177
154 0.0
155 0.0
156 0.0
157 0.0
158 0.0
159 0.0
160 0.015691868758915834
161 0.0
162 0.0
163 0.013
164 0.0029644268774703555
165 0.01910828025477707
166 0.0
167 0.0
168 0.017921146953405017
169 0.0
170 0.0
171 0.0
172 0.0
173 0.02875399361022364
174 0.0
175 0.0
176 0.0
177 9.633911368015414E-4
178 0.0
179 0.0
180 0.0
181 0.0
182 0.0
183 0.0
184 0.0
185 0.0
186 0.00906344410876133
187 0.0
188 0.0
189 0.0
190 0.0
191 0.0
192 0.0
193 0.0
194 0.0
195 0.0
196 0.0
197 0.02506265664160401
198 0.0
199 0.0
200 0.018570102135561744
201 0.0
202 0.0
203 0.0
204 0.016853932584269662
205 0.0
206 0.002631578947368421
207 0.0
208 0.004477611940298508
209 0.0
210 0.0
211 0.07561436672967864
212 0.0
213 0.0
214 0.0
215 0.0063025210084033615
216 0.0
217 0.025145067698259187
218 0.0
219 0.0
220 0.0
221 0.005108556832694764
222 0.0
223 0.0
224 0.0
225 0.0
226 0.012702078521939953
227 0.028795811518324606
228 0.008073817762399077
229 0.0
230 0.0
231 0.07482993197278912
232 0.0
233 0.020260492040520984
234 0.0
235 0.05537459283387622
236 0.0
237 0.0
238 0.0
239 0.006172839506172839
240 0.0
241 0.0
242 0.0
243 0.0
244 0.0
245 0.0
246 0.0
247 0.0
248 0.0
249 0.0
250 0.005494505494505495
251 0.06423982869379015
252 0.0
253 0.005961251862891207
254 0.0
255 0.0
256 0.0
257 0.0
258 0.0
259 0.0
260 0.0
261 0.0
262 0.0
263 0.0
264 0.0
265 0.0
266 0.0
267 0.0
268 0.0
269 0.0
270 0.05387205387205387
271 0.0
272 0.0
273 0.0
274 0.0
275 0.03978779840848806
276 0.0
277 0.0
278 0.0
279 0.0
280 0.0
281 0.0
282 0.0
283 0.0
284 0.0
285 0.02295918367346939
286 0.0
287 0.0
288 0.03428571428571429
289 0.0
290 0.0
291 0.004105090311986864
292 0.0
293 0.0
294 0.016
295 0.0
296 0.04860267314702309
297 0.0
298 0.017740429505135387
299 0.0
300 0.0
301 0.0
302 0.0
303 0.0
304 0.0
305 0.0
306 0.0
307 0.0
308 0.0
309 0.0
310 0.0
311 0.0
312 0.0
313 0.0
314 0.0046875
315 0.0
316 0.0
317 0.018240343347639486
318 0.0
319 0.03966597077244259
320 0.0
321 0.0
322 0.0
323 0.0
324 0.0
325 0.0
326 0.016885553470919325
327 0.0
328 0.031197301854974706
329 0.0
330 0.0
331 0.0
332 0.07116104868913857
333 0.008663366336633664
334 0.029217719132893498
335 0.0
336 0.0
337 0.03541315345699832
338 0.0
339 0.0
340 0.022058823529411766
341 0.0
342 0.0
343 0.0
344 0.045454545454545456
345 0.0
346 0.0
347 0.0
348 0.0
349 0.08012820512820513
350 0.011861313868613138
351 0.0
352 0.014760147601476014
353 0.003956478733926805
354 0.0
355 0.0
356 0.0
357 0.0038560411311053984
358 0.0
359 0.0
360 0.0
361 0.0
362 0.0
363 0.0
364 0.0
365 0.0025380710659898475
366 0.0
367 0.0
368 0.0
369 0.0
370 0.0
371 0.0061162079510703364
372 0.0
373 0.024464831804281346
374 0.0
375 0.0
376 0.0
377 0.0
378 0.0
379 0.050505050505050504
380 0.0
381 0.0
382 0.0
383 0.0
384 0.0
385 0.025136612021857924
386 0.0
387 0.0
388 0.0
389 0.012779552715654952
390 0.0
391 0.0
392 0.0
393 0.10112359550561797
394 0.04924242424242424
395 0.0
396 0.004188481675392671
397 0.0
398 0.061855670103092786
399 0.0
400 0.015330188679245283
401 0.01235657546337158
402 0.0
403 0.0
404 0.0
405 0.0
406 0.0
407 0.0014684287812041115
408 9.398496240601503E-4
409 0.0
410 0.0
411 0.0
412 0.0
413 0.0
414 0.0
415 0.0
416 0.0
417 0.0
418 0.014787430683918669
419 0.013986013986013986
420 0.0
421 0.015719467956469165
422 0.0070921985815602835
423 0.0
424 0.0
425 0.018518518518518517
426 0.0
427 0.0
428 0.0
429 0.01987353206865402
430 0.0
431 0.0
432 0.0
433 0.004316546762589928
434 0.001941747572815534
435 0.0
436 0.0
437 0.0
438 0.0
439 0.02509907529722589
440 0.0
441 0.0
442 0.0
443 0.0
444 0.0024390243902439024
445 0.0
446 0.0
447 0.0
448 0.0
449 0.0
450 0.0
451 0.0
452 0.0
453 0.0
454 0.007380073800738007
455 0.0
456 0.0
457 0.025504782146652496
458 0.010232558139534883
459 0.0
460 0.0
461 0.026277372262773723
462 0.05509641873278237
463 0.0
464 0.006289308176100629
465 0.003931847968545216
466 0.0
467 0.06976744186046512
468 0.0033333333333333335
469 0.0
470 0.0
471 0.0
472 0.0
473 0.0
474 0.018850987432675045
475 0.0
476 0.0
477 0.0
478 0.0
479 0.0
480 0.021409455842997322
481 0.0
482 0.0
483 0.0
484 0.0
485 0.005159958720330237
486 0.0
487 0.0
488 0.0
489 0.0040650406504065045
490 0.0
491 0.0
492 0.0
493 0.0
494 0.0
495 0.0
496 0.0
497 0.0
498 0.0
499 0.0
500 0.0
501 0.0
502 0.012658227848101266
503 0.0
504 0.0
505 0.0
506 0.0
507 0.0
508 0.0
509 0.011510791366906475
510 0.027607361963190184
511 0.0
512 0.016766467065868262
513 0.0
514 0.0
515 0.0
516 0.010526315789473684
517 0.0
518 0.036312849162011177
519 0.0
520 0.0
521 0.0
522 0.0
523 0.0
524 0.0
525 0.0
526 0.0
527 0.0
528 0.0
529 0.0
530 0.011637572734829594
531 0.0
532 0.0
533 0.08143322475570032
534 0.0
535 0.0
536 0.0
537 0.0
538 0.0
539 0.0
540 0.013528748590755355
541 0.0
542 0.017524644030668127
543 0.0
544 0.0
545 0.0
546 0.0
547 0.0045662100456621
548 0.0
549 0.0
550 0.0
551 0.0
552 0.0176
553 0.01647058823529412
554 0.0
555 0.045112781954887216
556 0.0
557 0.0
558 0.004137931034482759
559 0.0
560 0.0
561 0.0
562 0.0
563 0.0
564 0.0
565 0.0
566 0.0
567 0.0
568 0.0
569 0.0
570 0.002824858757062147
571 0.0
572 0.0
573 0.0
574 0.0
575 0.0
576 0.02558139534883721
577 0.022492970946579195
578 0.0
579 0.0
580 0.03571428571428571
581 0.0
582 0.017364657814096015
583 0.0
584 0.0
585 0.015180265654648957
586 0.0
587 0.018518518518518517
588 0.0
589 0.0
590 0.05058365758754864
591 0.04788213627992634
592 0.026737967914438502
593 0.027190332326283987
594 0.0
595 0.0027149321266968325
596 0.0
597 0.02464332036316472
598 0.0
599 0.03617571059431524
600 0.0
601 0.007128309572301426
602 0.0
603 0.0
604 8.460236886632825E-4
605 0.0
606 0.0
607 0.0
608 0.0
609 0.0
610 0.007692307692307693
611 0.0037926675094816687
612 0.04488078541374474
613 0.0019065776930409914
614 0.015313935681470138
615 0.004975124378109453
616 0.0
617 0.0
618 0.0
619 0.0
620 0.0
621 0.0
622 0.009868421052631578
623 0.0
624 0.0
625 0.020437956204379562
626 0.0
627 0.0
628 0.002328288707799767
629 0.029850746268656716
630 0.0
631 0.0
632 0.03463203463203463
633 0.01557632398753894
634 0.0
635 0.04461942257217848
636 0.017699115044247787
637 0.0
638 0.0
639 0.0
640 0.0
641 0.0
642 0.0
643 0.0
644 0.01963350785340314
645 0.0
646 0.0
647 0.01694915254237288
648 0.003367003367003367
649 0.0
650 0.0015600624024961
651 0.0
652 0.0
653 0.024054982817869417
654 0.0
655 0.0
656 0.0
657 0.05747126436781609
658 0.026455026455026454
659 0.0
660 0.00267379679144385
661 0.0
662 0.0
663 0.0
664 0.04680851063829787
665 0.0
666 0.0
667 0.01399825021872266
668 0.0
669 0.0
670 0.025284450063211124
671 0.03684210526315789
672 0.00528169014084507
673 0.0
674 0.0
675 0.0
676 0.009930486593843098
677 0.0
678 0.04331210191082802
679 0.0
680 0.002183406113537118
681 0.0
682 0.0
683 0.0
684 0.0
685 0.0
686 0.031746031746031744
687 0.1089588377723971
688 0.0
689 0.0
690 0.0
691 0.0
692 0.0
693 0.0
694 0.010610079575596816
695 0.0
696 0.0
697 0.0
698 0.007011393514460999
699 0.010300429184549357
700 0.0
701 0.0
702 0.0
703 0.0
704 0.03993203058623619
705 0.0
706 0.0
707 0.0
708 0.0070126227208976155
709 0.0
710 0.0
711 0.0
712 9.208103130755065E-4
713 0.0
714 0.0
715 0.0
716 0.0
717 0.0
718 0.0
719 0.0027803521779425394
720 0.09961685823754789
721 0.0
722 0.0
723 0.0
724 0.0
725 0.0
726 0.02127659574468085
727 0.0
728 0.0
729 0.0
730 0.0
731 0.0
732 0.0
733 0.0
734 0.0
735 0.0
736 0.0
737 0.0294351630867144
738 0.0
739 0.012733446519524618
740 0.0
741 0.0
742 0.0
743 0.0
744 0.041884816753926704
745 0.0
746 0.0021208907741251328
747 0.07166123778501629
748 0.0
749 0.0
750 0.0
751 0.0
752 0.0
753 0.0
754 0.0
755 0.0
756 0.0
757 0.0
758 0.0
759 0.0
760 0.027544910179640718
761 0.0
762 0.0
763 0.0
764 0.0
765 0.0137524557956778
766 0.0
767 0.0
768 0.0
769 0.0
770 0.0
771 0.0
772 0.014598540145985401
773 0.0
774 0.0
775 0.0
776 0.0
777 0.0
778 0.0
779 0.0
780 0.0
781 0.0
782 0.0
783 0.0
784 0.018085106382978722
785 0.0
786 0.0025817555938037868
787 0.0
788 0.025089605734767026
789 0.0
790 0.0
791 0.0
792 0.005307855626326964
793 0.0
794 0.002061855670103093
795 0.0
796 0.011133603238866396
797 0.0
798 0.0167973124300112
799 0.0
800 0.0
801 0.0
802 0.0
803 0.0
804 0.0
805 0.0
806 0.0
807 0.0
808 0.051194539249146756
809 0.0
810 0.015503875968992248
811 0.006659267480577136
812 0.0
813 0.00851063829787234
814 0.0
815 0.008333333333333333
816 0.0
817 0.0
818 0.0
819 0.0063006300630063005
820 0.0
821 0.0
822 0.0
823 0.0
824 0.0
825 0.029723991507430998
826 0.015558698727015558
827 0.0
828 0.0
829 0.0
830 0.0
831 0.0
832 0.0
833 0.0
834 0.0
835 0.0
836 0.0029069767441860465
837 0.0
838 0.011834319526627219
839 0.0
840 0.0
841 0.0
842 0.0
843 0.022067363530778164
844 0.010416666666666666
845 0.0
846 0.0
847 0.06762028608582575
848 0.0
849 0.0
850 0.0
851 0.0010718113612004287
852 0.024922118380062305
853 0.0
854 0.0
855 0.0
856 0.012244897959183673
857 0.008948545861297539
858 0.0
859 0.0
860 0.0
861 0.008359456635318705
862 0.0
863 0.00390625
864 0.0
865 0.0
866 0.0
867 0.017804154302670624
868 0.0
869 0.0
870 0.0
871 0.0
872 0.013948497854077254
873 0.0
874 0.0
875 0.0
876 0.0
877 0.0
878 0.056557377049180325
879 0.0
880 0.0
881 0.0
882 0.0
883 0.0
884 0.008088978766430738
885 0.01845444059976932
886 0.0
887 0.0
888 0.03490136570561457
889 0.0
890 0.0
891 0.0
892 0.0
893 0.021212121212121213
894 0.0
895 0.0
896 0.0038797284190106693
897 0.027675276752767528
898 0.0
899 0.0
900 0.0018552875695732839
901 0.0
902 0.0
903 0.0
904 0.0
905 0.0034423407917383822
906 0.0
907 0.0
908 0.049689440993788817
909 0.0029182879377431907
910 0.0
911 0.0
912 0.0
913 0.011326860841423949
914 0.052083333333333336
915 0.0
916 0.0
917 0.0
918 0.0
919 0.0034904013961605585
920 0.0
921 0.0
922 0.0
923 0.0
924 0.0
925 0.0049382716049382715
926 0.0
927 0.0
928 0.0
929 0.0
930 0.0
931 0.0029182879377431907
932 0.0
933 0.0
934 0.0
935 0.0
936 0.0
937 0.0
938 0.0
939 0.009819967266775777
940 0.0
941 0.0
942 0.0
943 0.0150093808630394
944 0.0
945 0.0
946 0.0
947 0.0031678986272439284
948 0.0
949 0.013251783893985729
950 0.0
951 0.0
952 0.0
953 0.0
954 0.0
955 0.0
956 0.0
957 0.0
958 0.0
959 0.0
960 0.0030181086519114686
961 0.0
962 0.019230769230769232
963 0.0
964 0.013380909901873328
965 0.0
966 0.0
967 0.0
968 0.0
969 0.0
970 0.0
971 0.004291845493562232
972 0.0
973 0.0
974 0.0
975 0.0
976 0.0
977 0.014760147601476014
978 0.0
979 0.0
980 0.0
981 0.0
982 0.0
983 0.0
984 0.0
985 0.04007633587786259
986 0.07395498392282958
987 0.07550077041602465
988 0.0
989 0.0
990 0.0
991 0.0
992 0.03498542274052478
993 0.0390015600624025
994 0.0
995 0.04713804713804714
996 0.0
997 0.0
998 0.0
999 0.0
1000 0.0
