1 530.292480176556
2 520.0804159267199
3 514.3897176120639
4 530.5990782297149
5 536.8470970559306
6 576.5848709297218
7 536.539912238536
8 555.036221272759
9 529.1503327007881
10 526.302744770642
11 527.1742363490645
12 525.9074555381072
13 521.0471292482267
14 529.9836709404535
15 538.9611054758053
16 542.3918683098581
17 542.3211100379878
18 535.4678613888779
19 521.3494946620463
20 518.8703123953861
21 514.2902176440938
22 526.1093750862512
23 550.5120473729853
24 538.1306139639449
25 525.056730063704
26 526.2453559069564
27 523.5952981688589
28 535.0877014516499
29 534.0921657653809
30 516.9386213538937
31 527.8159941027366
32 536.3168175841806
33 595.4881929247127
34 558.900794363224
35 546.4498081956893
36 532.5024093670361
37 527.1056564693286
38 518.7190021318702
39 557.235407814274
40 542.0625054363735
41 537.6595433009114
42 535.8725448024996
43 511.73040610366144
44 556.2141278234619
45 531.6963132355187
46 532.057781366866
47 536.583265821664
48 535.610109722362
49 518.6087911884209
50 529.5674339066787
51 546.8362547725213
52 520.9234084425291
53 534.831136316655
54 550.0998025217974
55 537.4751007390146
56 547.3749690913604
57 528.3329479947723
58 527.1058763765114
59 520.57144381854
60 525.4015968163892
61 550.1049823002564
62 544.533717718354
63 536.2798013682235
64 581.2930000759575
65 527.97073691662
66 525.0924620351375
67 550.9989147235395
68 520.3508338980051
69 547.7958745084692
70 546.2983858855312
71 531.6452932024813
72 526.1863555152877
73 541.7158757667381
74 548.3583248268493
75 539.7460708153731
76 520.5656975059687
77 546.1388009393578
78 534.4249453288542
79 557.5297096722383
80 522.1100278247663
81 521.7773432557424
82 517.2925719304826
83 535.0047969574777
84 517.4853015159157
85 522.2087030246335
86 536.2306359847262
87 526.2435135800952
88 528.2333822007654
89 533.6051658536478
90 517.6695210951176
91 538.8274944504859
92 528.377338043482
93 529.9913999476215
94 555.0993204044246
95 615.996833755935
96 520.388707578904
97 546.5406129378507
98 534.2400392191163
99 519.5574995970084
100 531.1962110288243
101 532.6984248110638
102 526.4972582678889
103 544.4479751923805
104 539.5738182156301
105 534.0335259301323
106 568.3468074519235
107 532.2137432166085
108 542.4915745676162
109 552.208363817343
110 537.0006104105191
111 530.3450217032987
112 520.5215475459123
113 522.7530578088974
114 557.4257901846681
115 539.4370563844931
116 530.7752842190037
117 541.8059713960477
118 532.7182521355631
119 512.7109737320872
120 525.7253029984261
121 523.6104564141849
122 534.1855716759967
123 536.4851061405528
124 524.5171663487605
125 538.3306405382542
126 534.7259976538377
127 544.4256697086273
128 570.5022737699751
129 537.5511574412221
130 538.7104818536894
131 520.5821254154715
132 574.8720827507022
133 537.1146158472912
134 518.7630956737698
135 553.0989295760892
136 538.7115282205575
137 524.6412679273525
138 532.2253147641615
139 526.0531080137439
140 530.6496640736472
141 521.3684784712244
142 520.8133394330306
143 519.8730953513676
144 533.5939928643671
145 530.0328490046201
146 538.8186280172081
147 531.4229429416808
148 538.5209435746565
149 534.4274206845108
150 521.3373817903022
151 549.0092675127963
152 548.9341175797674
153 567.5881286476273
154 530.0117195796194
155 521.3515038578593
156 530.9521554444622
157 517.4485626307985
158 523.7381785582467
159 519.1979375756922
160 537.6538276033905
161 539.9331791935891
162 528.6747181878357
163 561.4619967006342
164 547.3960369493827
165 582.3742789645557
166 520.5412016218286
167 524.9585403260122
168 542.8469659169679
169 529.0269204374364
170 516.2270663858397
171 534.718467342551
172 537.7033319186264
173 541.9918751640371
174 539.6446004860961
175 534.1167811273627
176 546.9177117938103
177 531.8163716725836
178 527.0596043532581
179 529.5905264278406
180 536.5829238067752
181 538.3213513581252
182 511.4821172672173
183 522.5525127217034
184 511.4411557461637
185 515.563612534114
186 517.3081644786685
187 533.0408517400421
188 511.9360642699062
189 522.3303957220162
190 536.5538167053272
191 550.8656579260015
192 542.4152824519988
193 517.5544183067578
194 544.6229045494066
195 536.4228219155609
196 529.0672653947373
197 544.5262887687318
198 532.5749206081665
199 533.3588915252733
200 573.7401455717084
201 528.8135196524269
202 532.9191146915642
203 529.544547345076
204 522.0873328786098
205 524.771378852894
206 547.0192239009081
207 521.8571334357536
208 537.2384504838935
209 534.0314423511273
210 521.198731120046
211 547.2329841939919
212 528.9790471562759
213 533.015693277439
214 540.0204532365133
215 534.2282355220151
216 521.7913030566987
217 557.0289436985108
218 545.7536892953808
219 522.0853707203752
220 537.9031175313738
221 530.118978368388
222 527.1440786302139
223 529.3457895504803
224 532.7450759274881
225 531.6293410804554
226 549.3893630867498
227 562.165370396503
228 541.7547881878659
229 523.4260353064848
230 531.979341767545
231 561.1487640963622
232 539.7500108889325
233 551.0246832751196
234 526.2972854946934
235 556.6502593724367
236 539.8685948842466
237 526.5029114959738
238 539.686391509241
239 551.8432934513066
240 539.7305519089429
241 540.5830709921366
242 544.4262820736853
243 533.6999711259423
244 539.2687528389079
245 538.6461304923669
246 537.8478092257831
247 519.8325411872953
248 533.6783470286127
249 541.6366021314029
250 529.1573064123794
251 582.3791277560848
252 541.8391946660162
253 538.798793394423
254 544.1066857710701
255 540.1641382884059
256 538.4981342277853
257 548.2542038580901
258 533.5359630914808
259 523.4185202396027
260 533.5139160700761
261 545.9253166384464
262 522.6217757212852
263 523.3714829082884
264 513.6424002137169
265 538.2210223123224
266 529.5077095565704
267 516.7943995310003
268 537.9003886642981
269 516.8605503266277
270 548.1698279645324
271 516.2480859036169
272 544.7693410525403
273 535.533348186137
274 520.9795897842139
275 536.605958494541
276 514.9210163097472
277 540.6333271351918
278 534.2338550153287
279 533.6586785589368
280 510.75971224089756
281 533.5698184600576
282 528.7066559874503
283 523.7671350703926
284 527.1010049490966
285 540.0681376186294
286 519.1115594622202
287 521.7161276623508
288 534.8139511103948
289 522.3006110442275
290 520.0379633320954
291 562.7601841831192
292 521.8805789217304
293 521.3711363952399
294 555.3760866174289
295 538.6248841104216
296 564.9218755539372
297 528.0592576043961
298 569.0064554573914
299 546.0062060097832
300 514.5025332400237
301 542.8751157785784
302 538.1759643334174
303 529.5929923783176
304 539.7946107861609
305 516.1458881612429
306 531.1282543721635
307 514.2818356044747
308 530.3353547878629
309 531.6256060832911
310 516.2385357889789
311 543.5075155348464
312 528.6229767152005
313 538.7836508986322
314 540.5628773516056
315 528.6152487780209
316 527.8781465526991
317 540.7059330864548
318 528.9750150607024
319 536.3626777805608
320 522.0741036541798
321 529.8793654160003
322 539.2805871668611
323 548.4218290895194
324 509.7309302355831
325 538.2241590788756
326 542.3047435657057
327 538.0266276428108
328 567.1947514456657
329 541.1345286834938
330 520.991684207323
331 532.4688835570529
332 534.4583474852595
333 567.0142057226216
334 549.9341261679285
335 536.6340144147899
336 531.883622330586
337 553.8550176684142
338 532.4994247864295
339 527.6317598609335
340 555.5101298673195
341 522.5001556164552
342 527.1036843664391
343 524.0804511967899
344 538.5639286022456
345 522.3489209490278
346 523.0428737924864
347 521.8251283111734
348 524.7214517856746
349 557.2503115666618
350 552.616286108037
351 531.7498662522228
352 537.0842139960772
353 535.1479286132239
354 553.6944617608572
355 525.6216011447204
356 530.0821364826209
357 539.4083507050422
358 553.1691093944964
359 518.4989723048744
360 524.2880675506078
361 525.5384572831395
362 533.0046593539711
363 531.6023779485423
364 524.1388914649863
365 530.7664699799344
366 533.3933472117104
367 526.9739455157437
368 532.2325772391262
369 538.0937171388863
370 535.0825181683931
371 535.7870026828095
372 531.4553404927573
373 558.8454431428013
374 517.5736068299461
375 523.7355820674617
376 528.4614158527586
377 524.2860847848364
378 545.0914108110148
379 561.3113519030369
380 525.949399334344
381 544.8634847134427
382 521.2334321387631
383 539.4699148938397
384 523.9793096078668
385 571.5854497123794
386 533.8451800783338
387 526.9787756165964
388 517.5990906278474
389 549.2919312500121
390 538.3622004706056
391 534.7844925775196
392 547.6470802436096
393 557.0243124228622
394 540.038537208931
395 518.2759677401872
396 545.4600355250761
397 540.066384376986
398 549.7812634054428
399 535.8572851817702
400 554.3886034582986
401 548.6640508093121
402 525.6171079988388
403 525.4218111568038
404 525.0600312247277
405 526.2380312033787
406 531.2036361301431
407 531.3272099468932
408 547.6079747335822
409 532.8284694754755
410 536.9168127354861
411 566.9904867473728
412 525.1479871264457
413 548.8019205340511
414 535.3392197344765
415 538.865909386442
416 536.4359673104425
417 534.2809771050605
418 562.4605781087613
419 566.5192480742169
420 526.9243817539848
421 542.9151827341013
422 537.3123606965752
423 543.2355332944722
424 530.607124615816
425 557.8173954891364
426 522.8194437529033
427 525.3875037281801
428 524.5089559263155
429 578.666054478838
430 534.4697759170643
431 529.2557216829578
432 535.1080361551499
433 541.9741541201798
434 535.4006156551426
435 511.6426676367874
436 531.742112982485
437 525.0804633167398
438 532.7173621383167
439 556.9737414804702
440 546.6903200657306
441 540.3153203122351
442 546.8877296995216
443 524.8131213159884
444 546.8607608985253
445 518.8141938957655
446 533.9725506570414
447 535.632802491265
448 529.3102367311302
449 538.8522343841637
450 513.1045105688315
451 550.1036604170837
452 529.5896134660952
453 532.3427838996118
454 548.5103873499411
455 526.1772338396028
456 508.25697999690465
457 553.7011934860516
458 555.7268490223479
459 527.6479519937511
460 528.421731604166
461 549.07160382119
462 550.3860573173646
463 532.9811486441155
464 536.4947349792961
465 537.3993066593624
466 519.7490576815077
467 566.6871825097485
468 549.7578827078742
469 528.9010843305304
470 547.8974042821243
471 523.6874505690847
472 536.2209033011761
473 528.2757909540493
474 552.2971941299777
475 515.7502986342339
476 532.6876047137996
477 541.3593580806814
478 537.8747856259882
479 533.771982939754
480 562.2907177897523
481 533.2633945408354
482 527.94018098614
483 547.5825868037332
484 531.3470232245935
485 548.2034562363974
486 522.1328589978857
487 519.4395103102962
488 527.9754869246153
489 558.7911693370673
490 531.5900517384842
491 512.5879446452873
492 517.4723170502821
493 522.3908486052985
494 528.3606135886224
495 544.9283415831463
496 522.5882750958513
497 522.140683792317
498 526.8694527261085
499 526.6766233975375
500 527.0626701660775
501 519.0743590344441
502 547.2020453182776
503 525.0394791539667
504 538.011669691873
505 562.7044811922719
506 514.526245878346
507 544.9656477313627
508 544.4871548225207
509 531.0717536528384
510 533.6518832070002
511 526.741091182765
512 555.4552283836099
513 535.797305547178
514 531.3992318705217
515 528.6207445320048
516 548.0561534794487
517 534.0075350975392
518 572.8239194069172
519 534.6794816840362
520 533.73432535227
521 520.8599223613483
522 524.7360717662481
523 536.9465236497218
524 512.8343258189834
525 548.376797710104
526 525.8169990463791
527 510.8271250236663
528 537.4081447458339
529 533.0185750298522
530 547.0849477282262
531 521.4223325319548
532 549.2071115947174
533 563.3787382041547
534 521.2838692094194
535 526.1388124651374
536 536.9497665433853
537 551.609487255598
538 528.184781864589
539 542.6258574164817
540 543.0277461497647
541 519.5903034581529
542 546.0810313175967
543 510.22943268166995
544 517.9603742246751
545 532.5555268528037
546 505.6317441923277
547 545.0874360705839
548 521.9358576624651
549 545.0634248331614
550 523.8269144522311
551 512.3793060404605
552 537.8170883342194
553 550.5825900071761
554 525.0341233439318
555 564.3844672581807
556 534.1024937618532
557 542.4609319888849
558 541.3542217746326
559 527.1287850683955
560 529.7774645067683
561 527.1169097446806
562 526.6031087008189
563 529.1062674229086
564 514.4523936763122
565 544.932644715622
566 529.2403923233018
567 515.2869136249357
568 522.7410363596371
569 531.2537369136854
570 548.0086344970439
571 542.2267137083342
572 521.1186426140104
573 533.6607509312505
574 531.1738832975261
575 514.1223137681185
576 549.7988598986178
577 560.3001971206398
578 535.5196835913201
579 522.1107658625284
580 551.958492559811
581 539.1108529198018
582 545.445534779492
583 523.7729022835595
584 527.4501258946798
585 550.8117208571105
586 540.2020110168861
587 542.0877074310489
588 551.717873302031
589 538.6192326313736
590 570.3696156430882
591 582.9052319811176
592 549.4586853207392
593 551.9572984789838
594 539.3325979315257
595 543.2278092831705
596 543.8119948501217
597 557.3115739993863
598 534.9386292339958
599 551.7111616902622
600 538.4447412539012
601 562.7578589243351
602 537.1993533742551
603 519.1278750064066
604 535.9528803062053
605 538.0129893526521
606 523.8219207924768
607 525.5795231575902
608 520.6222746258348
609 518.7101068910072
610 534.8559975394686
611 541.373302078281
612 561.2809709620292
613 540.917154438589
614 532.1107001110153
615 535.2808496229776
616 527.7254528446213
617 532.8011843918174
618 535.5774051698456
619 537.7706185858714
620 542.8516687976913
621 531.8011957676742
622 549.4129377457343
623 529.6791995281642
624 538.7678040743209
625 546.2739956338129
626 547.0119106214436
627 534.4735741821625
628 553.3372015442345
629 575.2105652272453
630 528.7912290629146
631 552.2276195866235
632 590.2072892729736
633 547.1748522588765
634 517.3986682595245
635 568.786464812314
636 540.0167175803513
637 535.7489721483324
638 509.84443780163105
639 520.8030082557004
640 533.315960071591
641 522.9542953115255
642 519.6144639189291
643 523.6334924864514
644 561.2032951547799
645 531.8075948781081
646 523.0624755971495
647 535.0668929340458
648 552.2265148766229
649 545.1971561401825
650 528.6841838314886
651 525.296832706813
652 527.4675299066769
653 535.0403317571923
654 516.0586285308055
655 531.1526964820697
656 525.4504006076387
657 562.017663002455
658 541.974482806945
659 516.6690744893514
660 531.930964661205
661 530.6029408431623
662 521.0447984690805
663 517.4733039061301
664 517.85622460347
665 536.5448624665826
666 523.9775373076994
667 552.482563774311
668 545.5990685081151
669 523.1282857573467
670 560.1996787088701
671 560.7278772282339
672 534.4342668046736
673 522.4324747369393
674 517.6220805778873
675 523.2479140268387
676 579.6730171017464
677 543.1166367718955
678 576.8974986315787
679 526.5119429620826
680 519.3388782958314
681 533.8191660416187
682 522.1848290653227
683 515.9622798611906
684 534.7917855252293
685 525.7190710029283
686 541.5587853201621
687 616.1634765919421
688 525.0463084556321
689 518.9095002791701
690 517.2360954356211
691 524.4087343855412
692 529.0670499031161
693 541.9130173409118
694 557.9005307019166
695 519.2803227514019
696 544.6619077161268
697 526.1336408972533
698 553.7757933685624
699 541.757616748025
700 549.002643535357
701 529.8909558284497
702 536.5615492345484
703 536.5338985923356
704 584.7678808229574
705 524.9651232777643
706 509.1382921072614
707 531.3920808207336
708 554.8757886422732
709 529.331410532785
710 526.0570602757815
711 530.4418427621271
712 541.6254657366628
713 520.5901045025275
714 514.640609420376
715 523.0201483898551
716 549.6196060275557
717 519.3315457391263
718 528.7846159332152
719 536.1052269008694
720 585.3234413968289
721 523.9261060324734
722 523.7937877911169
723 512.8957033334885
724 525.8273944909408
725 532.9026253927929
726 555.889745665891
727 521.3779453791163
728 526.3228472534033
729 534.1455911550463
730 515.5861191247529
731 518.7607799344163
732 523.366803461176
733 525.2782129050061
734 543.906257503734
735 520.610850843122
736 525.8485950511175
737 587.863029488174
738 539.1053736106662
739 546.6793453447523
740 529.6653637611604
741 537.2977110357126
742 521.8933115759912
743 530.1503006471365
744 550.3594203402408
745 530.9821375817996
746 543.6521632033557
747 553.2200890241675
748 523.3737384293631
749 526.0357454545223
750 530.6615807060691
751 541.809977533305
752 530.4242209326392
753 557.5934062975721
754 512.77319237883
755 522.9147873454402
756 529.022765151213
757 527.1812398966206
758 537.4730874837311
759 536.0551700981216
760 556.2749183806935
761 561.122491877241
762 509.59208379747747
763 530.3077973617884
764 528.9431638618029
765 545.2968055790685
766 525.0496510487417
767 533.2554925372933
768 530.5130605433719
769 525.2493548967628
770 529.2489586724336
771 543.4286354031983
772 554.5058201293843
773 516.8763548931181
774 528.2044057284675
775 549.1706611092178
776 529.1512255675676
777 542.5564146019991
778 548.652595935702
779 519.32154164362
780 550.0474067498412
781 548.5300524818235
782 520.8683105248468
783 522.9173737082499
784 547.7006444123408
785 517.5252104232096
786 542.515249789536
787 528.5933446413853
788 561.4805146338025
789 531.9731999498068
790 537.0512273941226
791 523.8388889018693
792 528.9401780740898
793 540.3160109097503
794 530.6582910594068
795 513.6779764304702
796 552.5697394156584
797 521.6848129560127
798 542.7501486593903
799 539.4764701614365
800 530.8574117599355
801 526.1213902885219
802 522.2999276906094
803 526.9865587429466
804 541.2476007753526
805 529.7866479168487
806 525.3751890670604
807 516.6591450459732
808 528.4401737552279
809 528.3450784544422
810 547.1195055676604
811 541.2106076748714
812 544.7580687392227
813 528.4516990568916
814 532.841321483235
815 540.8593554499737
816 531.5410242559177
817 531.1447277384759
818 514.571632952709
819 554.0397993206143
820 540.0212918218607
821 527.1858859617741
822 515.3000084485509
823 515.8998261671732
824 527.3366884327517
825 541.6448910079797
826 534.118767556556
827 538.4625925162208
828 533.1176845089977
829 533.3331431883071
830 522.9540495704844
831 538.2552650882261
832 530.3489567426722
833 539.8166037470073
834 537.94014426789
835 521.4583940277436
836 526.4401878800323
837 534.9126632336781
838 558.634380630015
839 536.9019541859956
840 538.0803392294478
841 521.1151929051516
842 544.3787034213034
843 533.4898134621177
844 539.5790665774254
845 526.8045662144017
846 530.4833433433665
847 590.6360167971542
848 525.8537992683329
849 547.4403358861334
850 520.8374031868539
851 526.0085774216482
852 534.9808301699518
853 538.6339969920928
854 517.7320470914235
855 539.7871953346029
856 541.3980145976383
857 553.6240145047169
858 527.7279486452805
859 523.9974068360183
860 516.7650558224155
861 547.409171685793
862 530.464954257452
863 546.1975150923816
864 529.2297585389044
865 534.3420920946896
866 525.8152237966855
867 551.9495088549119
868 539.1257307273023
869 523.9007312257318
870 505.832533314033
871 528.4528595387891
872 549.7331700692584
873 535.4692838247888
874 518.2261035393306
875 523.2826921401545
876 522.876704023553
877 530.8697942886372
878 613.8391975513915
879 530.9557143729673
880 522.1602898906733
881 526.7658989198152
882 533.2070864307811
883 528.1920675016845
884 554.6401598002936
885 561.6754301496434
886 531.1723392151533
887 552.5574715281076
888 557.9339859971652
889 542.430336680669
890 515.4784478291738
891 527.9927682504604
892 532.5511254193941
893 538.7205116912874
894 522.6193968479763
895 529.5830789968237
896 563.6164954045555
897 576.1165015796719
898 546.4796798610878
899 531.6308779290307
900 538.8782065410106
901 520.0180472714335
902 532.2455332881426
903 528.0097153330945
904 536.3568799619599
905 544.9660416309717
906 524.794416895097
907 521.8073726808489
908 537.1911091227284
909 528.9976939316011
910 542.493583986552
911 535.0741471789736
912 512.8524345433881
913 537.4699297607002
914 549.8773191622201
915 535.8786758019463
916 520.9033037565363
917 547.0396011370957
918 538.0977990656799
919 544.0760295922233
920 531.0956987367013
921 528.8939042196753
922 535.1794935978744
923 534.4502930536867
924 534.3489800135889
925 541.6168296184987
926 539.2301617500669
927 536.222488156254
928 517.150491535493
929 515.8478540149131
930 521.7537117999044
931 554.6125270645674
932 535.330425292211
933 531.2930131349568
934 539.5890937694256
935 527.9796866874584
936 537.3414800808188
937 519.7298993968678
938 515.0677871981113
939 547.0738333872558
940 539.1882315984956
941 523.0585794635143
942 523.0052226555225
943 551.2229622911702
944 532.1294470254153
945 526.8977859938022
946 542.7580867438804
947 533.447467216737
948 521.9050495045705
949 543.8640636620281
950 524.1003901292247
951 522.9906260938787
952 537.2394261344992
953 525.88501621878
954 527.5655054934555
955 524.9128073786361
956 524.7946624402038
957 517.6136198458619
958 529.8126663533957
959 529.5885919743047
960 546.6062267086244
961 524.1539890552752
962 554.0281923667087
963 510.7115593625686
964 550.623260265749
965 527.1613313647249
966 519.4349232483183
967 520.9895247358244
968 526.0260765053933
969 518.0460066656501
970 534.053390260295
971 536.9956179312187
972 539.8753188616545
973 548.1042782029209
974 532.3757941102352
975 534.0817969654798
976 531.1599301725053
977 542.3582978822972
978 531.5555234026393
979 540.3762862577108
980 533.5023942347847
981 525.534896171922
982 527.103264649991
983 533.287414049209
984 528.1811489883426
985 559.4191454022244
986 553.1299520632772
987 595.9379826014048
988 531.3967763043793
989 524.5137664499949
990 537.2585772916117
991 529.0515315463224
992 548.7948158407107
993 549.2261340132009
994 532.451436247352
995 550.9241717507479
996 547.925551978365
997 530.6461145865986
998 519.86578777563
999 526.2177080315096
1000 530.4209819080526
