1 0.0
2 0.010683760683760684
3 0.0
4 0.0
5 0.004618937644341801
6 0.0
7 0.0
8 0.0
9 0.011363636363636364
10 0.0
11 0.0
12 0.0033632286995515697
13 0.05802047781569966
14 0.0
15 0.007481296758104738
16 0.016798418972332016
17 0.012369172216936251
18 0.002207505518763797
19 0.0
20 0.008264462809917356
21 0.0017301038062283738
22 0.0
23 0.044221105527638194
24 0.05353319057815846
25 0.005714285714285714
26 0.02119700748129676
27 0.0053404539385847796
28 0.011764705882352941
29 0.028125
30 0.0
31 0.016901408450704224
32 0.0
33 0.003424657534246575
34 0.003798670465337132
35 0.0049261083743842365
36 0.034482758620689655
37 0.007211538461538462
38 0.1037037037037037
39 0.013623978201634877
40 0.0
41 0.05533199195171026
42 0.00909090909090909
43 0.031149301825993556
44 0.017543859649122806
45 0.010256410256410256
46 0.06626506024096386
47 0.0
48 0.0024330900243309003
49 0.00975609756097561
50 0.004651162790697674
51 0.030555555555555555
52 0.0
53 0.014319809069212411
54 0.010882708585247884
55 0.0
56 0.0016474464579901153
57 0.0
58 0.09455842997323818
59 0.0023923444976076554
60 0.0031645569620253164
61 0.007042253521126761
62 0.03007518796992481
63 0.02631578947368421
64 0.0
65 0.09244372990353698
66 0.0041841004184100415
67 0.0029154518950437317
68 0.001941747572815534
69 0.0
70 0.019895287958115182
71 0.0
72 0.04534005037783375
73 0.0
74 0.01410105757931845
75 0.0046875
76 0.012302284710017574
77 0.014198782961460446
78 0.0014124293785310734
79 0.021297192642787996
80 0.0
81 0.0
82 0.004790419161676647
83 0.036231884057971016
84 0.0
85 0.0
86 0.00966702470461869
87 0.0020964360587002098
88 0.01001001001001001
89 0.0
90 0.0050150451354062184
91 0.015368852459016393
92 0.05533596837944664
93 8.968609865470852E-4
94 0.0021929824561403508
95 0.01833180568285976
96 0.0011061946902654867
97 0.001326259946949602
98 0.008411214953271028
99 0.0
100 0.001597444089456869
101 0.013347022587268994
102 0.0018885741265344666
103 0.02043132803632236
104 0.0021691973969631237
105 0.0
106 0.009216589861751152
107 0.0
108 0.0020554984583761563
109 0.014492753623188406
110 0.09162717219589257
111 0.006072874493927126
112 0.0
113 0.006659267480577136
114 0.00966183574879227
115 0.01083743842364532
116 0.015184381778741865
117 0.012345679012345678
118 0.0
119 0.005319148936170213
120 0.010648596321393998
121 0.0017331022530329288
122 0.003468208092485549
123 0.00423728813559322
124 0.0
125 0.0017543859649122807
126 0.07894736842105263
127 0.005793742757821553
128 0.0
129 0.037037037037037035
130 0.0
131 0.010666666666666666
132 0.0
133 0.0015037593984962407
134 0.013725490196078431
135 0.014558689717925387
136 0.0
137 0.03645007923930269
138 0.01687289088863892
139 0.027751196172248804
140 0.0
141 0.0
142 0.0
143 0.017735334242837655
144 0.001597444089456869
145 0.0
146 0.03975265017667844
147 0.015640273704789834
148 0.012205754141238012
149 0.00881057268722467
150 0.0
151 0.0
152 0.0
153 0.00950734658599827
154 0.0
155 0.007751937984496124
156 0.005141388174807198
157 0.0
158 0.007162041181736795
159 0.021839080459770115
160 0.00563063063063063
161 0.0
162 0.012096774193548387
163 0.006564551422319475
164 0.0
165 0.0
166 0.009584664536741214
167 0.0
168 0.025
169 0.009554140127388535
170 0.0
171 0.028328611898016998
172 0.007751937984496124
173 0.010285714285714285
174 0.005555555555555556
175 0.0
176 0.0012345679012345679
177 0.03413654618473896
178 0.002758620689655172
179 0.0
180 0.0
181 0.010279001468428781
182 0.0015432098765432098
183 0.005080440304826418
184 0.0368763557483731
185 0.014705882352941176
186 0.0
187 0.0024937655860349127
188 0.0074142724745134385
189 0.013651877133105802
190 0.0
191 0.0
192 0.00641025641025641
193 0.008350730688935281
194 0.0
195 0.0024630541871921183
196 0.0
197 0.011873350923482849
198 0.02280130293159609
199 0.017543859649122806
200 0.07936507936507936
201 0.017598343685300208
202 0.0
203 0.0504950495049505
204 0.009483667017913594
205 0.012987012987012988
206 0.021141649048625793
207 0.005385996409335727
208 0.0
209 0.01338199513381995
210 0.0
211 0.0
212 0.00408997955010225
213 0.0
214 0.01673101673101673
215 0.0
216 0.0
217 0.005449591280653951
218 0.011439466158245948
219 0.023696682464454975
220 0.0
221 0.010169491525423728
222 0.0056022408963585435
223 0.05717916137229987
224 0.004624277456647399
225 0.010064043915827997
226 0.014965986394557823
227 0.0
228 0.002173913043478261
229 0.016518424396442185
230 0.011428571428571429
231 0.0038461538461538464
232 0.0
233 0.0
234 0.0027958993476234857
235 0.0305532617671346
236 0.0
237 0.01231060606060606
238 0.0034522439585730723
239 0.0039011703511053317
240 0.027633851468048358
241 0.043859649122807015
242 0.0
243 0.016666666666666666
244 0.024896265560165973
245 0.0019157088122605363
246 0.02775290957923008
247 0.0
248 0.0
249 0.005005005005005005
250 0.02056555269922879
251 0.06851119894598155
252 0.10761789600967352
253 0.017304189435336976
254 0.0
255 0.015670910871694418
256 0.01875
257 0.0034782608695652175
258 0.0
259 0.0
260 0.01639344262295082
261 0.0
262 0.007692307692307693
263 0.011851851851851851
264 0.0015873015873015873
265 0.0
266 0.01703940362087327
267 0.011363636363636364
268 0.0
269 0.0
270 0.021468926553672316
271 0.0012091898428053204
272 0.024054982817869417
273 0.1950286806883365
274 0.051630434782608696
275 0.0
276 0.04975124378109453
277 0.0
278 0.01740506329113924
279 0.005221932114882507
280 0.0012626262626262627
281 0.04024144869215292
282 0.0
283 0.0
284 0.039316239316239315
285 0.0220125786163522
286 0.0
287 0.025
288 0.007805724197745013
289 0.04239401496259352
290 0.006033182503770739
291 0.002628120893561104
292 0.0
293 0.0
294 0.006704980842911878
295 0.0
296 0.1124031007751938
297 0.0
298 0.0
299 0.0
300 0.007202881152460984
301 0.012232415902140673
302 0.0015873015873015873
303 0.02834467120181406
304 0.001447178002894356
305 0.0
306 0.0072254335260115606
307 0.0
308 0.028416779431664412
309 0.0
310 0.0
311 0.015939597315436243
312 0.008064516129032258
313 0.0
314 0.014705882352941176
315 9.671179883945841E-4
316 0.013054830287206266
317 0.007042253521126761
318 0.014563106796116505
319 0.014782608695652174
320 0.0
321 8.81057268722467E-4
322 0.003826530612244898
323 0.00437636761487965
324 0.0
325 0.0
326 0.0
327 0.008123476848090982
328 0.0
329 0.030181086519114688
330 0.042606516290726815
331 0.02593192868719611
332 0.0
333 0.0
334 0.0036900369003690036
335 0.003257328990228013
336 0.0038809831824062097
337 0.011976047904191617
338 0.02340702210663199
339 0.03943661971830986
340 0.004171011470281543
341 0.0700218818380744
342 0.0
343 0.0
344 0.0023612750885478157
345 0.037037037037037035
346 0.017543859649122806
347 0.0018034265103697023
348 0.0
349 0.0
350 0.010309278350515464
351 0.005470459518599562
352 0.006024096385542169
353 0.006505576208178439
354 0.0
355 0.005813953488372093
356 0.002288329519450801
357 0.015424164524421594
358 0.020948180815876516
359 0.0
360 0.0027100271002710027
361 0.0
362 0.0
363 0.00228310502283105
364 0.024746906636670417
365 0.03302961275626424
366 0.04481792717086835
367 0.0
368 0.0234375
369 0.007366482504604052
370 0.050241545893719805
371 0.0
372 0.03484320557491289
373 0.0018181818181818182
374 0.013544018058690745
375 0.013071895424836602
376 0.07465277777777778
377 0.021505376344086023
378 0.025466893039049237
379 0.018487394957983194
380 0.0
381 0.0053533190578158455
382 0.011603375527426161
383 0.014319809069212411
384 0.0
385 0.0010660980810234541
386 0.014354066985645933
387 0.0722057368941642
388 0.008869179600886918
389 0.0022727272727272726
390 0.0057251908396946565
391 0.007561436672967864
392 0.012429378531073447
393 0.043478260869565216
394 0.006404391582799634
395 0.0
396 0.010285714285714285
397 0.010309278350515464
398 0.021718602455146365
399 0.02086677367576244
400 0.016033755274261603
401 0.0
402 0.0039447731755424065
403 0.006896551724137931
404 0.0
405 0.0019065776930409914
406 0.02207505518763797
407 0.0
408 0.0027210884353741495
409 0.003708281829419036
410 0.016597510373443983
411 0.02023608768971332
412 0.023154848046309694
413 0.009581881533101045
414 0.0
415 0.006974716652136007
416 0.0
417 0.020227560050568902
418 0.0026690391459074734
419 0.007261410788381743
420 0.013888888888888888
421 0.0
422 0.020942408376963352
423 0.06702898550724638
424 0.0
425 0.010280373831775701
426 0.012141280353200883
427 0.0
428 0.03777544596012592
429 0.003952569169960474
430 0.024096385542168676
431 9.832841691248771E-4
432 0.0
433 0.0
434 0.0
435 0.02584493041749503
436 0.00596252129471891
437 0.0026785714285714286
438 0.013812154696132596
439 0.006779661016949152
440 0.036337209302325583
441 0.003929273084479371
442 0.011538461538461539
443 0.001277139208173691
444 0.0
445 0.0
446 0.0
447 0.001201923076923077
448 0.008658008658008658
449 0.0011086474501108647
450 0.0
451 0.0
452 0.0012004801920768306
453 0.00919963201471941
454 0.0
455 0.021176470588235293
456 0.010078387458006719
457 0.0
458 0.016853932584269662
459 0.0
460 0.021660649819494584
461 0.009695290858725761
462 0.0
463 0.053237410071942444
464 0.0
465 0.0
466 0.0
467 0.008466603951081843
468 0.01092896174863388
469 9.285051067780873E-4
470 0.015021459227467811
471 0.007009345794392523
472 0.01809954751131222
473 0.005284015852047556
474 0.004509582863585118
475 0.0
476 0.012269938650306749
477 0.038018433179723504
478 0.00468384074941452
479 0.05411499436302142
480 0.05217391304347826
481 0.032432432432432434
482 0.007822685788787484
483 0.0024875621890547263
484 0.009019165727170236
485 0.0
486 0.0
487 0.003745318352059925
488 0.07317073170731707
489 9.233610341643582E-4
490 0.0
491 0.0
492 0.008741258741258742
493 0.0
494 0.0
495 0.0061162079510703364
496 0.024390243902439025
497 0.05930232558139535
498 0.019801980198019802
499 0.008426966292134831
500 0.024702653247941447
501 0.0
502 0.0
503 0.00461361014994233
504 0.0033783783783783786
505 0.009560229445506692
506 0.009
507 0.002952755905511811
508 0.009345794392523364
509 0.0064
510 0.008368200836820083
511 0.0
512 0.0
513 0.0018674136321195146
514 0.007226738934056007
515 0.023383768913342505
516 0.0
517 0.04556650246305419
518 0.0
519 0.01743119266055046
520 0.014204545454545454
521 0.005291005291005291
522 0.0
523 0.02295552367288379
524 0.009029345372460496
525 0.023809523809523808
526 0.0
527 0.01358695652173913
528 0.010416666666666666
529 0.0
530 0.0
531 0.01565377532228361
532 0.006486486486486486
533 0.0034129692832764505
534 0.010238907849829351
535 0.002285714285714286
536 0.0181190681622088
537 0.0
538 0.016891891891891893
539 0.06377759607522486
540 0.01685985247629083
541 0.0
542 0.007174887892376682
543 0.0
544 0.020289855072463767
545 0.008683068017366137
546 0.0
547 0.006889763779527559
548 0.0
549 0.02091633466135458
550 0.0
551 0.009596928982725527
552 0.0
553 0.0
554 0.009859154929577466
555 0.010625737898465172
556 0.0
557 0.009879253567508232
558 0.028795811518324606
559 0.006561679790026247
560 0.0016129032258064516
561 0.01098901098901099
562 0.03141831238779174
563 0.051490514905149054
564 0.04791481810115351
565 0.0015479876160990713
566 0.004201680672268907
567 0.00816326530612245
568 0.005484460694698354
569 0.009927797833935019
570 0.005994005994005994
571 0.002628120893561104
572 0.027105517909002903
573 0.008557457212713936
574 0.011235955056179775
575 0.008492569002123142
576 0.0
577 0.0
578 0.013944223107569721
579 0.01884057971014493
580 0.0029455081001472753
581 0.020765027322404372
582 0.03760282021151586
583 0.017723880597014924
584 0.0
585 0.0
586 0.01972872996300863
587 0.028960817717206135
588 0.04195804195804196
589 0.0
590 0.0
591 0.015122873345935728
592 0.003601440576230492
593 0.018664047151277015
594 0.012755102040816327
595 0.017391304347826087
596 0.01384083044982699
597 0.02857142857142857
598 0.01867572156196944
599 0.008857395925597875
600 0.008695652173913044
601 0.042440318302387266
602 0.06918238993710692
603 0.0
604 0.0
605 0.0
606 0.004645760743321719
607 0.041561712846347604
608 0.0
609 0.009871668311944718
610 0.011325028312570781
611 0.0
612 0.04040404040404041
613 0.0
614 0.01858736059479554
615 0.0
616 0.025906735751295335
617 0.003952569169960474
618 0.002105263157894737
619 0.005199306759098787
620 0.001034126163391934
621 0.0
622 0.010416666666666666
623 0.00484027105517909
624 0.005788712011577424
625 0.015350877192982455
626 0.04027617951668585
627 0.007380073800738007
628 0.018055555555555554
629 0.0
630 0.0
631 0.05258467023172905
632 0.0
633 0.0032626427406199023
634 0.011690647482014389
635 0.01623686723973257
636 0.00878048780487805
637 0.003745318352059925
638 0.04893617021276596
639 0.0
640 0.0037174721189591076
641 0.008639308855291577
642 0.0
643 0.027149321266968326
644 0.0
645 0.0011376564277588168
646 0.014814814814814815
647 0.07334525939177101
648 0.003105590062111801
649 9.199632014719411E-4
650 0.011538461538461539
651 0.00950734658599827
652 0.0
653 0.001893939393939394
654 0.005434782608695652
655 0.02040816326530612
656 0.0
657 0.042879019908116385
658 0.04926108374384237
659 0.0
660 0.004171011470281543
661 0.12830188679245283
662 0.02414486921529175
663 0.013215859030837005
664 0.0037174721189591076
665 0.010101010101010102
666 0.007209062821833162
667 0.0070052539404553416
668 0.019704433497536946
669 0.008528784648187633
670 0.025
671 0.015968063872255488
672 0.02031063321385902
673 0.03909090909090909
674 0.0
675 0.012684989429175475
676 0.005649717514124294
677 0.008733624454148471
678 0.00798175598631699
679 0.0091324200913242
680 0.0048250904704463205
681 0.00228310502283105
682 0.039126478616924476
683 0.003067484662576687
684 0.007897334649555774
685 0.03184713375796178
686 0.018281535648994516
687 0.03905160390516039
688 0.025477707006369428
689 0.10820895522388059
690 0.0
691 0.016666666666666666
692 0.0246189917936694
693 0.007371007371007371
694 0.0274442538593482
695 0.02981029810298103
696 0.012612612612612612
697 0.05263157894736842
698 0.0019157088122605363
699 0.009259259259259259
700 0.01098901098901099
701 0.0017953321364452424
702 0.011458333333333333
703 0.008226691042047532
704 0.021739130434782608
705 0.007789678675754625
706 0.02416918429003021
707 0.03467153284671533
708 0.019300361881785282
709 0.020942408376963352
710 0.06136363636363636
711 0.0
712 0.0029182879377431907
713 0.0
714 0.0
715 0.0
716 0.006097560975609756
717 0.017132551848512173
718 0.014616321559074299
719 0.038461538461538464
720 0.0
721 0.01048951048951049
722 0.010498687664041995
723 0.004549590536851683
724 0.005442176870748299
725 0.01238390092879257
726 0.004597701149425287
727 0.004347826086956522
728 0.0013717421124828531
729 0.024880382775119617
730 0.0
731 0.0
732 0.0779874213836478
733 0.0
734 0.02727272727272727
735 0.0
736 0.0
737 0.02531645569620253
738 0.0
739 0.007722007722007722
740 0.0
741 0.0010111223458038423
742 0.027538726333907058
743 0.0
744 0.0
745 0.003076923076923077
746 0.0
747 0.0
748 0.011882998171846435
749 0.0395778364116095
750 0.005891016200294551
751 0.02206531332744925
752 0.0
753 0.013861386138613862
754 0.0
755 0.01900739176346357
756 0.029259896729776247
757 0.034050179211469536
758 0.012048192771084338
759 0.0142602495543672
760 0.0014705882352941176
761 0.013651877133105802
762 0.0
763 0.007518796992481203
764 0.0029013539651837525
765 0.0020387359836901123
766 0.005449591280653951
767 0.0
768 0.0
769 0.0012048192771084338
770 0.02877697841726619
771 0.0022675736961451248
772 0.0
773 0.012371134020618556
774 0.0
775 0.010189228529839884
776 0.003552397868561279
777 0.012949640287769784
778 0.0
779 0.0
780 0.04767309875141884
781 0.0
782 0.0
783 0.009900990099009901
784 0.0
785 0.05460750853242321
786 0.0024449877750611247
787 0.0
788 0.04054054054054054
789 0.0
790 0.0026954177897574125
791 0.010135135135135136
792 0.003215434083601286
793 0.0
794 0.03684661525278492
795 0.04
796 0.006016847172081829
797 0.005847953216374269
798 0.0
799 0.0035778175313059034
800 0.0
801 0.027777777777777776
802 0.00392156862745098
803 0.003048780487804878
804 0.01098901098901099
805 0.017948717948717947
806 0.0019646365422396855
807 0.0
808 0.013686131386861315
809 0.005055611729019211
810 0.022030651340996167
811 0.07766990291262135
812 0.0
813 0.016817593790426907
814 0.03285870755750274
815 0.010964912280701754
816 0.03561643835616438
817 0.0
818 0.0030303030303030303
819 0.02127659574468085
820 0.04245283018867924
821 0.0
822 0.015384615384615385
823 0.0021119324181626186
824 0.0
825 0.03024193548387097
826 0.006666666666666667
827 0.0
828 0.03273040482342808
829 0.02040816326530612
830 0.00424929178470255
831 9.433962264150943E-4
832 0.006954102920723227
833 0.007633587786259542
834 0.0
835 0.0
836 0.022608695652173914
837 0.011538461538461539
838 0.042879019908116385
839 0.004357298474945534
840 0.019250253292806486
841 0.0025940337224383916
842 0.003293084522502744
843 0.0
844 0.007936507936507936
845 0.006153846153846154
846 0.009269988412514484
847 0.0
848 0.004464285714285714
849 0.005154639175257732
850 0.01507537688442211
851 0.015544041450777202
852 0.005219206680584551
853 0.0
854 0.0
855 0.020161290322580645
856 0.012670565302144249
857 0.001876172607879925
858 0.0016420361247947454
859 0.0213713268032057
860 0.030303030303030304
861 0.010109519797809604
862 0.0
863 0.0
864 0.010752688172043012
865 0.027586206896551724
866 0.0
867 0.011904761904761904
868 0.008038585209003215
869 0.013888888888888888
870 0.0
871 0.0
872 0.029978586723768737
873 0.020497803806734993
874 0.0033975084937712344
875 0.013824884792626729
876 0.008389261744966443
877 0.0
878 0.0
879 0.008555133079847909
880 0.002952755905511811
881 0.0013568521031207597
882 0.00808080808080808
883 0.0
884 0.0018975332068311196
885 0.002304147465437788
886 0.017894736842105262
887 0.004048582995951417
888 0.013435700575815739
889 0.01
890 0.04716981132075472
891 0.012170385395537525
892 0.012711864406779662
893 8.695652173913044E-4
894 0.0
895 0.0
896 0.008795074758135445
897 0.022292993630573247
898 0.005376344086021506
899 0.019230769230769232
900 0.08654750705550329
901 0.006711409395973154
902 0.012552301255230125
903 0.0
904 0.0
905 0.0403530895334174
906 0.0
907 0.020527859237536656
908 0.0
909 0.0
910 0.006527415143603133
911 0.018691588785046728
912 0.0023446658851113715
913 0.001834862385321101
914 0.021953896816684963
915 0.0052863436123348016
916 0.0
917 0.07417582417582418
918 0.001610305958132045
919 0.0
920 0.0640495867768595
921 0.0
922 0.0016891891891891893
923 0.0
924 0.006457564575645757
925 0.0
926 0.051666666666666666
927 0.007223942208462332
928 0.004136504653567736
929 0.0
930 0.006486486486486486
931 0.0036144578313253013
932 0.0
933 0.17032967032967034
934 0.023178807947019868
935 0.001851851851851852
936 0.0012437810945273632
937 0.018571428571428572
938 0.0
939 0.00291970802919708
940 0.001713796058269066
941 0.03773584905660377
942 0.016230838593327322
943 0.01048951048951049
944 0.06130268199233716
945 0.029649595687331536
946 0.002997002997002997
947 0.011639185257032008
948 0.0038809831824062097
949 0.0
950 0.008860759493670886
951 0.004612546125461255
952 0.002577319587628866
953 0.08125819134993446
954 0.01762114537444934
955 0.008928571428571428
956 0.0
957 9.372071227741331E-4
958 0.01094391244870041
959 0.006398537477148081
960 0.009918845807033363
961 0.0
962 0.010848126232741617
963 0.0018165304268846503
964 0.011095700416088766
965 0.007062146892655367
966 0.0022497187851518562
967 0.018032786885245903
968 0.0
969 0.0
970 0.007067137809187279
971 0.0
972 0.004571428571428572
973 0.009411764705882352
974 0.015517241379310345
975 0.0
976 0.0026954177897574125
977 0.009424083769633508
978 0.03773584905660377
979 0.0
980 0.010309278350515464
981 0.04809619238476954
982 0.0030959752321981426
983 0.0
984 0.003745318352059925
985 0.09146341463414634
986 0.003676470588235294
987 0.012720156555772993
988 0.008241758241758242
989 0.0013054830287206266
990 0.015267175572519083
991 0.023876404494382022
992 0.009345794392523364
993 0.02415966386554622
994 0.013333333333333334
995 0.004469273743016759
996 0.0
997 0.006802721088435374
998 9.689922480620155E-4
999 0.0
1000 0.001694915254237288
