1 515.8580102782075
2 516.1578044736441
3 509.2594321952291
4 525.6479107129226
5 512.2335054666181
6 525.5609945786979
7 505.0563137696087
8 522.8944664891478
9 529.0697796135254
10 524.4482180080984
11 529.9618889811351
12 514.1283026772195
13 521.9198534103168
14 520.1546135299035
15 517.588825482028
16 534.0012962726639
17 513.3188552240669
18 520.2816130959525
19 519.0825701860573
20 522.0914651890976
21 525.3901953707498
22 515.9064815976757
23 535.6867765757056
24 537.2460360090319
25 524.0689844802343
26 528.0804422794085
27 513.8188075852088
28 526.4307367996057
29 530.4509171139997
30 515.3224528868067
31 523.7720458556635
32 536.3070425674188
33 535.8524108984578
34 520.7561007603936
35 522.4360349168018
36 520.0956277789531
37 512.1299350958822
38 524.3359548234181
39 531.7876648352576
40 514.9377431510734
41 523.5610337284585
42 513.6545839566553
43 519.8608747221039
44 523.0278829816747
45 529.1412519732165
46 522.4297179025994
47 525.0405152953336
48 522.7880847833527
49 514.214707158242
50 523.1487954582296
51 527.1480464177239
52 519.6721311535977
53 508.3282269487713
54 525.5645120008003
55 516.1405640299549
56 517.2784032399416
57 519.1735515072107
58 558.3959105618003
59 498.4853744205698
60 523.5708189152716
61 511.683103141229
62 542.6073954049249
63 536.7524294531801
64 505.06479279916425
65 540.8723502889993
66 510.86668940826
67 524.0739862398615
68 519.2672210047095
69 520.0421271958334
70 523.4987289450931
71 510.5975890072003
72 539.7672479096739
73 517.6308839897578
74 521.9680911034579
75 520.724900047243
76 521.3627034702857
77 529.2935297987183
78 502.482266732019
79 534.7575033933546
80 529.915590325576
81 510.26542205536106
82 515.9245547231628
83 513.9191296878465
84 508.5797155376729
85 519.1877602749993
86 516.2880169186167
87 519.1167387303743
88 523.0233139503712
89 521.5047587440463
90 506.5392281887792
91 528.626744476759
92 525.595583439111
93 526.9434124563768
94 527.8041213103647
95 535.5815707599211
96 514.645890993549
97 523.3327585374445
98 506.21942064397916
99 518.0800738087128
100 515.0647880114632
101 533.8486557906947
102 513.5298623936714
103 522.8680073090201
104 511.36110396967325
105 510.49382654771654
106 526.1781959350833
107 526.1039917065228
108 528.3385741169226
109 535.6896930910841
110 520.9892584022122
111 539.5615808238737
112 516.1301613768097
113 526.4515036236807
114 523.7097452987291
115 518.7784169857706
116 522.8985867780091
117 511.6170307299872
118 518.8872825524573
119 527.7751772713295
120 529.3912766592609
121 508.97822335961973
122 518.3372647836612
123 517.8168187564984
124 506.27057057980704
125 529.3923625384568
126 521.2405147816658
127 519.0137560436369
128 517.3587297536828
129 530.6280883446339
130 517.4703434368294
131 528.0103731107694
132 516.5511828088005
133 522.7965280918063
134 524.110997709799
135 518.9931158283699
136 519.1109699020344
137 532.2832500053621
138 530.5578665686585
139 521.7104249524133
140 514.7026335799054
141 516.3773200195457
142 526.1494753375966
143 516.9221213904058
144 518.9851691058637
145 510.2423017692394
146 525.819008157127
147 526.141911411339
148 536.4403326571554
149 512.7639552030514
150 511.2146804485376
151 517.4862463921188
152 508.2160218121805
153 531.6338652683617
154 518.2410201026886
155 510.73133303133056
156 509.99636461206023
157 509.9759796340102
158 523.6488092085042
159 520.142465128911
160 526.3696024477098
161 516.2962357904831
162 519.9403555181333
163 520.1095680261856
164 516.9056689847176
165 516.0849763786789
166 521.1443996447709
167 518.7607887314316
168 527.9757776980691
169 522.4558790092067
170 528.7539680443797
171 538.3556924495833
172 532.9017306200294
173 522.1633195099945
174 506.85441817464414
175 513.8706006241075
176 513.1507048546638
177 515.8268202746791
178 517.6783622323336
179 516.3479558034652
180 523.6465651408104
181 514.1271771760773
182 517.5764526405773
183 528.4492897573393
184 535.5559434622767
185 522.3027459208928
186 510.2740952491177
187 521.6732098380494
188 527.0531334955057
189 522.7412919461448
190 517.4464461720688
191 527.7341255059631
192 524.9439241178874
193 528.0786420338177
194 516.8980055658628
195 528.7879160034792
196 517.6718312946768
197 522.675852106209
198 524.2140388506392
199 527.6619065656281
200 531.222586437405
201 509.72739340329196
202 518.8525979894769
203 527.9374681116697
204 525.776959184945
205 522.1881521308877
206 533.4171076650399
207 516.1831705754408
208 510.52489261859665
209 519.7829197497209
210 520.1635634370032
211 519.2522039161603
212 516.0074647546093
213 509.3496870969962
214 527.9981155943926
215 523.9666874592731
216 505.1460405101732
217 515.4286253162766
218 515.567856688201
219 513.865192574076
220 507.1709188218508
221 517.6402105234473
222 521.715801718461
223 538.2950344742346
224 525.4240327328059
225 527.2845680811935
226 521.335375342404
227 509.90926490328366
228 519.9922265367388
229 513.2861301801889
230 522.6840424361892
231 516.187427720994
232 525.10766485926
233 516.4802355511583
234 517.7034388462487
235 543.5969231650937
236 513.17289080893
237 521.1876068713476
238 523.881427669921
239 515.6090292244836
240 526.7601349450209
241 531.1099498269664
242 524.1170318547643
243 511.79114595952785
244 523.3610770569381
245 521.6814068584375
246 527.3623930325546
247 516.1655514799754
248 514.3727637263728
249 507.8193896859223
250 522.6142976209418
251 545.6655252783601
252 538.2708177074353
253 521.6904757202534
254 511.4856567323185
255 527.4503608123291
256 521.5960636555428
257 531.9001763406654
258 524.6382627382617
259 519.1681920736376
260 516.7315935627755
261 515.2123179351173
262 520.3432368409037
263 533.9296852627458
264 514.7903314229342
265 524.3515627323426
266 523.3396752900169
267 523.70618214713
268 513.4960010837376
269 513.70270010501
270 523.9924023437393
271 520.296826560825
272 525.9545651364476
273 545.5271686605391
274 529.8759637340282
275 516.1439654432281
276 515.3409884075437
277 527.0302297886448
278 527.0213260172396
279 530.3574378087561
280 509.7224955712116
281 538.3402808559655
282 515.6761398105732
283 507.4061248751247
284 526.3365377046385
285 524.5860739710085
286 503.6593889259348
287 518.8552977203675
288 521.4258442489529
289 544.2134301923525
290 519.1283315467092
291 520.4848594751072
292 519.6289456647903
293 519.311323696316
294 526.1858984954346
295 519.1439537087703
296 546.3302351129676
297 520.6422478309581
298 515.4455105746582
299 518.3912353150272
300 518.3529087854287
301 507.19700226445394
302 512.5626133943964
303 532.0845717134916
304 514.1780082906255
305 516.0137330266592
306 518.1025825080537
307 520.3164844698294
308 525.7482077401969
309 522.9205874455358
310 505.9044606449647
311 535.0513520760451
312 530.9111874556786
313 520.1074083469077
314 518.1211626335652
315 519.6448594447734
316 529.8329123879181
317 515.5879514644253
318 521.7753464511142
319 541.2923891544957
320 515.799382564398
321 511.1768435509472
322 522.2318538698499
323 533.1414381292664
324 503.47319983910387
325 511.8151099187637
326 527.0571038420877
327 536.2720213491818
328 525.7748425259399
329 532.6360535046326
330 524.3532955665708
331 525.8179117407128
332 517.5006475123076
333 526.2112087843744
334 511.281279923865
335 527.3310158363975
336 528.9223518375495
337 528.2200542772798
338 523.0064648152984
339 515.2013741492257
340 530.209799512484
341 537.2215290914094
342 521.6919784860912
343 508.7942453298027
344 502.75866902538695
345 521.9404864173357
346 515.1597503622561
347 519.3772001948927
348 506.3374434606646
349 518.8440762656211
350 522.1229310613099
351 513.6017022092625
352 513.8101290568192
353 536.870830607226
354 525.8112734379641
355 508.85468558900567
356 521.1034327674889
357 515.2489946714788
358 519.7364690139005
359 506.25811124758184
360 515.6291991784888
361 509.985219236404
362 513.8188299741872
363 514.9378471029241
364 514.0345265070432
365 533.6180342807339
366 535.4547117761982
367 516.5200795895046
368 533.8213595662346
369 515.7054300238151
370 536.0146804786564
371 521.5995105184196
372 521.9880123017072
373 517.2710189155827
374 525.0572266776859
375 530.0564593588311
376 535.2837901781046
377 525.4838596800348
378 528.8140176810143
379 534.4668302126839
380 504.84046209539883
381 522.2983168537016
382 519.5092649861216
383 518.3305468594829
384 507.5521814091082
385 530.3020854530668
386 518.2147295300507
387 550.9634199351644
388 515.2561067369228
389 526.8897325085459
390 515.3231962973788
391 519.5869045578739
392 528.7871759577399
393 537.9794620506542
394 523.0373124568804
395 522.0066166671111
396 517.3697249751898
397 515.9578649072056
398 532.0412732643921
399 521.5756311076339
400 524.31149814086
401 515.799600224486
402 532.240662424855
403 517.0194019206064
404 517.8595242049648
405 515.3347398118908
406 523.854684616159
407 521.0259469381643
408 518.9400853458811
409 515.7993347788745
410 520.8835091913585
411 524.5953011196723
412 533.8299263653553
413 517.1977686431093
414 531.9309686340803
415 525.249714406434
416 522.4989472138986
417 532.401315234002
418 527.415491419029
419 523.244565725345
420 519.8641629830429
421 511.8778176791596
422 528.9782696594502
423 532.8531837388687
424 509.9891091569881
425 522.9797516172606
426 521.2278205136842
427 516.6858503177533
428 538.9920912728435
429 518.6345986761861
430 526.7935797917213
431 511.6957296767286
432 515.2291299980072
433 514.4899589733373
434 510.3954121384384
435 519.3289724979501
436 520.0901578228426
437 533.7196173588392
438 534.0248220291421
439 530.4094480782879
440 522.7526390121759
441 526.9941027737511
442 514.7309061673199
443 510.0644083247163
444 515.219733435445
445 520.7010774754866
446 532.7727888948019
447 508.01774507035907
448 516.7549768328681
449 523.6094666528111
450 512.916097054714
451 528.5833036911075
452 526.5559843561925
453 514.3860200688723
454 516.1274035457589
455 511.6754735546545
456 521.0989978464015
457 511.11853236959945
458 526.5397089052011
459 508.1811255906655
460 506.9068489748034
461 513.3815893773224
462 514.8380995810102
463 534.1771001133424
464 512.7616369706203
465 516.4980036388008
466 519.5957363169248
467 516.5578592503506
468 528.4104043448342
469 508.5818846983285
470 524.9524217006142
471 525.1585757979693
472 526.2429387289818
473 517.7416965621604
474 515.8399027328895
475 503.30447358994417
476 518.1918539467604
477 548.9095325745747
478 535.6123069244878
479 538.8314436672692
480 519.4475249637019
481 525.4677802345251
482 521.5779444645636
483 515.2910641344074
484 535.3190519606075
485 527.8489488627324
486 514.9333350760942
487 515.8128427140084
488 530.073694653179
489 524.3669065392908
490 513.7219886891646
491 507.419904679543
492 519.173831063948
493 520.2207600776358
494 513.273928998901
495 519.8981520452705
496 511.56600610242526
497 547.6259455861626
498 514.7254799154616
499 521.3902289581629
500 538.7497801713245
501 518.4892024428215
502 518.8515989843756
503 524.770273615809
504 519.5078646389776
505 523.2466338656632
506 513.9383964359191
507 519.641840243709
508 526.8567671012116
509 510.5864550315847
510 517.9127849716606
511 509.79200202946424
512 520.0673569957241
513 533.8629695514958
514 523.6664742273014
515 516.9881117689054
516 513.6788573566856
517 536.6427080860846
518 511.3788807091774
519 522.3023136618464
520 520.7036191748896
521 513.918818136637
522 519.138256070788
523 522.2824206750977
524 512.8517258073105
525 512.686042106393
526 519.5870395720024
527 512.8242826364163
528 505.1013648886007
529 506.8483155614565
530 515.4628287670572
531 527.8353369606918
532 530.7539908949408
533 513.3053155903983
534 518.5021379344455
535 512.8893397818856
536 516.4832166511113
537 511.91189839333566
538 537.1040084064205
539 543.808718576832
540 522.9586006277333
541 516.4770983326005
542 521.2184672928246
543 519.5959305890966
544 509.3370898249205
545 533.199531274309
546 507.8119399644258
547 521.1432820833633
548 518.148611804685
549 532.402098014974
550 511.11207627324393
551 522.5498007909707
552 515.10434802945
553 514.8319967766595
554 523.9764565978875
555 515.6552084696589
556 519.1042473843855
557 525.3211557137512
558 534.7080332395084
559 521.2343995013034
560 515.0155781159207
561 518.5711313399873
562 537.9744565260191
563 534.1828176257154
564 539.1396913114397
565 523.7535173208871
566 517.2819590122016
567 517.0139133751502
568 520.2650270507611
569 530.8684379829687
570 521.8146922638697
571 522.0243628340256
572 528.9511335708768
573 517.7726987653535
574 528.1139646042828
575 525.3493031255526
576 511.4165206103293
577 517.788784258079
578 529.121667064344
579 526.8013681639752
580 524.121576996732
581 522.6024095197688
582 529.180396241858
583 536.0470118641985
584 516.7129250845275
585 510.0706670624308
586 526.5199905512219
587 517.7382991942251
588 517.6923583375855
589 514.8799344169178
590 520.9277326799752
591 520.8901230332283
592 533.8958195699007
593 526.0739116027307
594 530.11718394093
595 524.8930497942446
596 525.6248710966009
597 527.3793115628526
598 533.9037444168056
599 512.8211469636102
600 519.1908344654935
601 527.3339528412988
602 539.4960950032637
603 520.5263405538145
604 504.60810874716856
605 511.31781286532146
606 526.7632382035961
607 528.8347526038898
608 522.3498238691348
609 514.0066852600117
610 518.057034008321
611 525.6403481847018
612 524.5789923426252
613 537.8560730720335
614 519.5572520078957
615 494.4717188853417
616 517.6044742514546
617 522.4020675306422
618 511.12176929247516
619 526.5498805815669
620 513.0313242777577
621 515.3385968786223
622 532.0440919947868
623 528.2480495642075
624 517.1903029877783
625 517.7398276775828
626 541.8024534787057
627 531.1314665675366
628 517.0307594862991
629 518.7195178466882
630 511.02798488022546
631 526.6894363570655
632 536.9005199301317
633 518.0008592100032
634 525.3423137751581
635 514.599931419068
636 517.5176774616868
637 521.7513874481778
638 532.878665948141
639 503.9644551150617
640 513.791931935783
641 516.4137838312624
642 531.7728051588902
643 508.88532680170266
644 523.5377771405704
645 517.1112392678464
646 512.1932389501716
647 542.6146259422259
648 527.4598178818991
649 523.3282394655673
650 518.1654938288505
651 526.829975420337
652 526.9715561771819
653 519.3931067859546
654 524.939437266836
655 520.8935464773009
656 522.4768804523285
657 528.6691470869653
658 525.8353852947005
659 515.280916745882
660 524.6780388978425
661 538.0671970558575
662 526.1783195397667
663 527.9788849445102
664 514.9175481542718
665 515.7044728403497
666 522.1955466500542
667 520.476693714953
668 519.8220933172854
669 519.0551516779869
670 521.3066002241897
671 519.4808528883916
672 524.9796852492177
673 529.923224357406
674 513.11785096609
675 521.5071301884865
676 509.35627529647286
677 512.3436452775412
678 527.1362733228227
679 514.573233467612
680 516.8257209709843
681 508.96982749817585
682 539.5790015473566
683 520.1811350685117
684 527.0707410636005
685 512.9522997212007
686 519.0306454900162
687 520.2826697536864
688 527.4672921220789
689 520.5537582106934
690 519.5455306592626
691 526.1386426815694
692 514.1248980162999
693 528.3207141401006
694 528.6390295330643
695 524.05516480989
696 533.1828527114534
697 526.1760856981305
698 510.0589171708447
699 517.179006279644
700 520.1881071755386
701 510.95633786183384
702 520.4050879226992
703 522.3877536277461
704 530.1335198902112
705 520.272492320415
706 524.6667040928711
707 525.6760574191637
708 530.244168837024
709 528.120700524955
710 517.6904076624063
711 521.3319307589936
712 516.5741414202055
713 507.6776746831926
714 511.8289928299651
715 512.8377178084877
716 513.8499621528296
717 531.4123124075918
718 524.9207558947775
719 518.3711782854386
720 527.4358824928765
721 519.1551551447532
722 527.7180515977275
723 518.1942914842746
724 523.1601472500535
725 517.0788461192528
726 530.5621747974361
727 514.5370769430818
728 509.4282962893821
729 539.4045764814216
730 512.9537771337613
731 521.4034637577033
732 544.6498888909244
733 514.2287542393668
734 529.7497428911445
735 514.677491612519
736 513.6517192102103
737 522.5595417247638
738 507.1097158323285
739 516.1436448493389
740 517.8840582912729
741 520.0005962866575
742 527.0108152892296
743 520.0412556506141
744 508.14242251214097
745 519.2816483736229
746 516.6301931532953
747 519.0422169335843
748 517.292900630513
749 531.9097962088559
750 517.076564880044
751 530.6208733274276
752 516.6305567064206
753 524.7764119130887
754 519.2923466409236
755 523.6519042110853
756 515.5926829263768
757 536.187926915241
758 506.221175458519
759 541.4978283674923
760 501.7188808353876
761 523.1302363315514
762 504.13357913403485
763 530.890273057354
764 521.1641560173962
765 508.67580854415843
766 514.0164434579394
767 532.5039985669056
768 517.6455600648552
769 517.4988585476386
770 536.0645801547436
771 514.6951196081098
772 517.0043707950628
773 518.1163219531247
774 514.3287944245595
775 518.6710730778175
776 515.0525142683287
777 524.1364471722594
778 534.3135218881073
779 522.749809642436
780 529.2543054429328
781 508.54880565633607
782 520.052834110892
783 530.3127202675995
784 519.4119628339555
785 522.8077539669048
786 529.0286203750277
787 514.0396235632095
788 536.8220481853461
789 515.2678697827081
790 532.5645804328176
791 520.7684212149808
792 522.2210911637326
793 512.1807559445357
794 535.9221022237227
795 520.328424646231
796 528.8858961260277
797 508.48152814836413
798 518.0717395735214
799 516.9486952281942
800 519.8602283617566
801 538.2568755535025
802 510.1160007512757
803 509.182932946428
804 525.2815541733289
805 521.5135034420549
806 520.1262460036513
807 515.4419445796668
808 530.0449900941919
809 513.3964187097642
810 531.7567803693452
811 530.6709522647532
812 523.3859457501267
813 530.5608738822621
814 529.2230992984482
815 523.9618074227441
816 523.0524522668561
817 506.69478004939685
818 512.1022726841121
819 529.1553109044355
820 532.7425674176772
821 520.5310720856178
822 516.1724973519988
823 521.1274298239623
824 515.4854638580549
825 519.005423319553
826 524.7275394325173
827 500.6798036929595
828 529.1553831876329
829 520.4916853183043
830 519.3043477903394
831 527.2397006535441
832 523.4458007576651
833 510.68912479969936
834 512.8379703765726
835 518.6876229740049
836 525.5257558514891
837 515.5681593424548
838 532.592448357227
839 515.9495583885259
840 518.3548721012091
841 516.2046563093056
842 521.4324958703717
843 519.7616607243507
844 522.9284745583693
845 521.9908599923252
846 524.8618206998847
847 527.732270697946
848 511.5479060598445
849 518.5334306695325
850 515.8722979771544
851 515.4981484977603
852 528.0468078393393
853 511.9304172334519
854 512.2368152419361
855 522.7723582783559
856 527.3726008444661
857 516.9054612121241
858 527.0311040348074
859 533.6421310076838
860 534.6088467545787
861 519.8378154226583
862 511.9297967702669
863 521.4596572079377
864 522.9407380334737
865 527.5012514754079
866 512.0864153308023
867 515.5631578704898
868 518.4966155278515
869 515.4552371524385
870 521.6077381502191
871 520.0061092514308
872 534.3474718917377
873 523.5096881183846
874 515.7992219779156
875 510.32511443231476
876 532.3454997986785
877 505.7645696164085
878 522.7105280782663
879 523.5069288760743
880 524.6397984985529
881 507.1310733857115
882 516.1205112335331
883 517.4343374568455
884 523.8880037648081
885 520.9671602863327
886 525.9007899642473
887 511.7235886967297
888 510.2253868422551
889 523.8246442322844
890 512.4022856981975
891 517.9871923656598
892 517.1433602677537
893 508.5913143935861
894 509.9021594359692
895 517.3933675397835
896 528.8472970898733
897 534.6695107486406
898 518.5743821856117
899 514.1633660030772
900 552.4820376960486
901 525.7386222157386
902 521.4127438006411
903 503.06450494959574
904 515.3927319940314
905 530.4446367982964
906 508.52093763418526
907 512.3689805423654
908 506.28371763988554
909 504.72863454166486
910 520.352118227679
911 520.8045200236644
912 525.9156962197599
913 513.8751971406725
914 537.7842113479232
915 524.3143172734341
916 526.989364330745
917 518.1714785434489
918 523.826625255158
919 508.86677205660794
920 549.4071629054375
921 513.7275951074748
922 530.4157180810085
923 515.180068524485
924 516.0343953873283
925 513.9671352961395
926 537.2123167336797
927 532.5785720272553
928 524.8862046930087
929 515.5162946584549
930 523.6535828124443
931 521.9008246619777
932 520.1637969527618
933 552.6089812154223
934 525.2235822031943
935 512.6320124632654
936 516.5154791847677
937 525.9122923949947
938 513.7683792510222
939 511.8018623557589
940 527.2654679629445
941 514.052677051737
942 528.8987908471752
943 524.6076106140769
944 527.6487546512632
945 535.1723670834664
946 520.5439879006126
947 518.5512233957959
948 518.6307637932247
949 510.6727152597377
950 531.0000208221128
951 510.9312869209832
952 516.6893065350175
953 539.6343047180676
954 525.1334171398513
955 511.43180725117463
956 520.470547669245
957 520.2026643473451
958 515.4488431980046
959 523.0246960246379
960 533.5134774117053
961 513.0793463121128
962 534.7656901112251
963 531.0912388924185
964 522.9289584433685
965 520.127537786434
966 519.4125281480985
967 516.7041839819232
968 517.894452820711
969 519.3025692443416
970 527.1039206083676
971 520.0151644457196
972 521.046591048297
973 524.1012826011772
974 533.1701857742809
975 526.8844851368037
976 514.1654654352694
977 513.1532494740001
978 527.3095983199626
979 513.2966028546821
980 525.0110232634648
981 514.7652930635492
982 527.1981264582137
983 504.6978762755568
984 519.7430173808073
985 526.2321269019949
986 521.1933599205855
987 525.1004737832585
988 526.5264153920346
989 513.5317479302053
990 514.2035734140487
991 522.7067945948789
992 525.5622504481416
993 524.4201371641392
994 524.9569561010898
995 531.6286091931416
996 514.0605875550685
997 548.9626162295297
998 507.6855675163697
999 521.3239534408906
1000 518.9091443481254
