1 53.059076298621626
2 46.093969524777556
3 62.910418793399444
4 54.16383914440244
5 68.62362159307395
6 51.29388696787974
7 45.42177784782381
8 41.799107824935604
9 55.195187621592865
10 69.88693308432632
11 50.19649485938284
12 58.87551544195454
13 39.91452026598316
14 44.515220312756185
15 36.40094296893885
16 47.811324805497804
17 74.95340185761556
18 45.476456983486436
19 39.52122299152945
20 46.440846514947886
21 52.09563359895245
22 57.30013801140722
23 105.58575880658428
24 65.20777567035242
25 47.26241805026798
26 43.82969454615042
27 39.22644557119947
28 45.43498919340565
29 71.00182539880345
30 48.941408572502
31 56.98343827256418
32 38.501165286978406
33 55.77948250383358
34 42.360785448891406
35 49.815788881390404
36 53.263094152798935
37 40.66717994618346
38 54.18921523628248
39 56.7466275982861
40 47.91380477583722
41 47.57780930326032
42 54.22709898468589
43 64.81977057356205
44 48.620078532896024
45 49.83616868986899
46 60.92372195062675
47 84.30618089025825
48 34.93327246252555
49 42.39653770644042
50 64.12296896264382
51 37.18012029551053
52 40.493696819461114
53 53.34375130821652
54 65.54230299945644
55 62.14015006041594
56 99.45649690170809
57 47.490532883778485
58 53.29856891815167
59 70.3841180969114
60 48.56297173527451
61 39.07131450334842
62 66.53153973865227
63 70.60924322853222
64 74.3359801509106
65 36.46014252918808
66 51.36349082606701
67 55.053886874080796
68 53.03238028533855
69 39.46412723328707
70 42.885094740358916
71 43.82466980817415
72 38.91630674563143
73 43.53280207225804
74 44.016551216572424
75 57.597647126271156
76 44.13898223292463
77 50.095968607542
78 48.777449576980295
79 44.57269553392754
80 46.60090764394685
81 37.64230628556918
82 55.242079755317256
83 42.801764084343326
84 51.35331549732632
85 55.34383089628113
86 43.087024253210416
87 48.11444851904502
88 49.07265343424512
89 48.386768530117564
90 65.87692538779525
91 45.550192181434795
92 66.02587782298087
93 40.95463283165444
94 50.72928700293322
95 40.723716606920306
96 50.05635856288493
97 47.225151867182134
98 53.71270684213128
99 47.480919489763714
100 48.48295320878535
101 58.35978893014129
102 68.28100047896744
103 63.8306425859824
104 47.80223596009864
105 39.42795957388534
106 48.330635807397975
107 74.87951726975537
108 38.94860270756269
109 58.62440554543889
110 39.254898530336064
111 55.70766677945332
112 83.72507803875072
113 42.67432174307094
114 62.37588838023543
115 53.12850284763821
116 36.37280258544826
117 63.44184626583688
118 44.40921047096331
119 36.66945658539063
120 69.08772112678538
121 47.08678874499923
122 43.86873114600526
123 93.31228672320923
124 37.361006180537444
125 54.448570642901736
126 47.13171432788382
127 58.914728559984496
128 40.340404299757296
129 47.805984478226996
130 49.22970049792469
131 84.52632061370876
132 61.49432296776723
133 43.823382835920356
134 63.6781312505761
135 69.25147187338536
136 55.2262499765363
137 50.957397101729654
138 58.74866518897933
139 57.864080592826184
140 48.87877961065343
141 48.63010501455711
142 44.77214835107179
143 35.79127782583077
144 52.49714235785969
145 37.90795376475904
146 53.07684956680336
147 44.26751369749195
148 67.32746971304337
149 70.52995299059621
150 42.24678236531652
151 57.76062235154098
152 52.5778045651385
153 49.881494194686994
154 52.069876840431654
155 50.08391938974242
156 54.229702224697085
157 36.99966709966328
158 38.16317047438926
159 41.8696269659866
160 46.928683008555154
161 56.154280285936835
162 57.36235548952552
163 60.96368980039511
164 49.5738293529101
165 40.07664916333438
166 45.85449160008698
167 41.84783639197573
168 58.03003901802564
169 44.11174066076302
170 40.69042453958329
171 60.005344383120395
172 44.713559417886685
173 46.49090143317392
174 65.86124508063337
175 45.567023083066665
176 57.645395629364955
177 43.15145654783022
178 45.615614028432184
179 43.77582511000736
180 41.964388043958245
181 41.58197260325267
182 48.72145275709048
183 38.91564596188169
184 40.35491065692368
185 47.46891238257556
186 41.66833985938843
187 53.12894301809038
188 49.84528274308178
189 38.33562103184855
190 55.29621205571935
191 48.48289793670893
192 43.40853516912496
193 79.74627720236117
194 52.72333929932411
195 63.84334197261468
196 41.515077478859304
197 40.625897756492684
198 41.12061707271835
199 51.153062730195806
200 46.8794869501522
201 78.47554853842472
202 47.4762690592475
203 46.126851704149104
204 36.45989358682595
205 41.40581013995966
206 74.17651602417024
207 54.67136661739591
208 48.44474566026446
209 34.405427453963384
210 60.09676259205987
211 45.01489564135841
212 50.27025636513694
213 43.89350565389745
214 58.76347322130562
215 49.93355090868252
216 69.11801879575181
217 60.43780855807623
218 64.00868468528863
219 55.787141409037226
220 43.54918079149539
221 44.12399035188018
222 38.69031090837336
223 64.70681452237065
224 57.179457838308075
225 49.30049860792415
226 37.0514612970366
227 53.845852632635754
228 49.55609663450049
229 41.58299461104036
230 70.82539958750186
231 35.5210894986764
232 48.02837556074814
233 39.01795070778102
234 42.291909833173335
235 51.844219896686944
236 55.64708566654692
237 42.90027030061249
238 46.86903767934326
239 36.914323908007475
240 51.414177989299816
241 63.24162453433582
242 44.17819214743989
243 43.0738624258017
244 43.2195846212142
245 40.482326898786496
246 50.24228221410458
247 61.59987122502853
248 49.81620221036584
249 58.82451218172967
250 50.24378636733533
251 54.091679065065236
252 44.97072856922827
253 50.482468006024725
254 41.19128890488546
255 45.003890451459974
256 52.86225325362426
257 76.5134913516489
258 56.897019858092456
259 48.97224287642199
260 45.365831709904725
261 38.91089912379592
262 44.60739860223771
263 55.62386798923401
264 76.87507207084708
265 46.07619880709967
266 75.86438365053525
267 55.51309369310093
268 54.387809094697836
269 60.31106627404885
270 54.47321464557261
271 39.91851709604969
272 52.808683722376564
273 44.4221917328296
274 42.26925828209987
275 45.12710397781786
276 71.57934389340654
277 70.83188922494077
278 37.02226725238628
279 60.57681466581736
280 44.639881061123376
281 67.0566116606819
282 51.920549818596626
283 100.9728966084987
284 42.455456147900726
285 59.996543928131
286 45.014209206542574
287 46.702066886522914
288 41.380827865259405
289 49.35146077464773
290 49.10231927200363
291 62.55989439011164
292 33.663991496929114
293 39.73185721091662
294 67.0882581227629
295 63.119794186980215
296 71.65770217679867
297 93.13358327024828
298 31.603885924183448
299 58.49382883277513
300 44.76877412009599
301 40.977263918051236
302 66.88893668763224
303 43.38831448615424
304 49.57776102786406
305 42.05162006774441
306 47.80140749117111
307 76.70841024612946
308 55.11542982290308
309 38.16121052502648
310 44.2514547313906
311 54.14985620062494
312 45.24173608670302
313 55.165099374138265
314 37.43059721349188
315 41.29303294511336
316 59.96344929876263
317 61.26480633762571
318 46.636769181593635
319 42.22977407396179
320 39.025449080493004
321 40.628372284418596
322 48.35074709356279
323 56.46127112404455
324 35.696550656224765
325 54.00702931469083
326 49.06679715230497
327 61.468490809187664
328 53.168532817972576
329 32.980033515368035
330 50.203653260591054
331 46.83049194621215
332 88.2467228624111
333 66.79585653190703
334 40.94881083881311
335 38.69434850300166
336 52.0713595674894
337 44.619369911495866
338 48.08556511502139
339 38.18657856144189
340 41.58407221379303
341 43.53961675242257
342 38.00377502333675
343 56.86833703755591
344 45.81187945897786
345 43.196060571425875
346 55.73233108057121
347 49.300491679115126
348 83.04519388152416
349 53.216797561289845
350 49.24189260657332
351 50.46239410384399
352 58.320908394355484
353 69.98435456043342
354 78.64285348935351
355 45.49046708533798
356 66.56876549151264
357 39.651864057877496
358 44.48573368900627
359 45.51529960058419
360 53.022456935102525
361 40.80388337885004
362 52.41589029831426
363 48.77282316587432
364 52.58386171560788
365 70.8909807167089
366 36.84216099135096
367 43.0139165991552
368 42.97714546371869
369 63.48733956256456
370 73.73393453309568
371 45.832473306094045
372 55.555925828567716
373 93.79977060072012
374 67.10322510123325
375 45.31821301432296
376 38.193724433343625
377 42.85971590997228
378 55.507070856090934
379 54.67232904867668
380 42.61847709292001
381 53.05370728240691
382 46.742870674293364
383 54.99277135683006
384 43.3143736675268
385 55.01610522167216
386 62.528487970315105
387 45.17421988478113
388 63.885616223974765
389 54.62528467389252
390 71.72992499573148
391 80.68122238506929
392 39.030873411538245
393 60.873234021417495
394 41.73488431223211
395 91.1868446832527
396 61.51064848015508
397 64.19588286908487
398 52.27192681132991
399 37.33627046223793
400 56.239996957505724
401 41.357861101549844
402 73.73816000892944
403 48.53893742024089
404 57.31753569989569
405 82.41333220043002
406 40.603989080553056
407 42.26173709032722
408 61.114936328069746
409 43.146610149131455
410 50.073218845890246
411 46.281868710633624
412 64.1973017027548
413 47.036183967197616
414 47.194083543387855
415 46.77926440142858
416 92.01610836086341
417 59.501505725795376
418 47.23560289154291
419 38.46201229036887
420 36.65178475618179
421 56.40459558185787
422 40.14489045539265
423 64.6938892627149
424 75.82726123893842
425 41.294186132128054
426 43.22100449186087
427 39.27590063377128
428 47.36136586653262
429 43.74029618549964
430 56.96052558052128
431 43.174506482589884
432 62.278291381509206
433 47.57641996730718
434 42.55059329931396
435 56.38529615492467
436 44.05752285433411
437 46.26174159180213
438 40.438387684422494
439 39.96678019606373
440 43.82346035002076
441 57.96573272017957
442 69.46123446224964
443 38.25979537303562
444 64.66254833119729
445 47.75000178099636
446 55.39515289515695
447 49.629634735871
448 35.221163224517355
449 50.717910494327256
450 56.193218578856005
451 38.38052325890727
452 77.62210034465019
453 47.14730565099129
454 52.7914201080582
455 45.99548299244711
456 45.65390723630875
457 56.0636440871492
458 77.50808665445855
459 68.21555512678064
460 38.94196572430498
461 89.6112125434227
462 52.577189363796656
463 59.333776289889805
464 48.269335675636874
465 52.39431822408542
466 55.65467480142114
467 44.633225679503376
468 46.2461215347341
469 55.787211060007586
470 44.112839843212974
471 38.92366017204226
472 61.60834220037294
473 59.89246380740913
474 55.67358610292223
475 34.576125958400965
476 63.4313982154324
477 44.414069855701776
478 68.02075051236793
479 49.34752088692863
480 44.805806123565105
481 39.52982786702314
482 76.85263611143189
483 87.69405834519232
484 48.19282258488192
485 59.478094035951315
486 50.154631338283785
487 31.409390214684976
488 55.13768892987297
489 51.426809742714084
490 56.055682516581065
491 47.94284804804844
492 42.54279175072277
493 50.96375389228473
494 45.685642244145974
495 36.48055694325402
496 49.822948139443234
497 40.5552633892747
498 50.73958222326168
499 60.68960345283282
500 44.29360583054259
501 40.75522800361034
502 49.00958883857241
503 79.31597412671151
504 37.34034983766016
505 43.666620428031955
506 51.131621849670935
507 45.45349162613243
508 44.71860608932672
509 41.70485226930653
510 55.04399794150769
511 59.55848427637695
512 50.050938736219656
513 64.54615020147402
514 51.93913840213526
515 58.75864343082477
516 57.61857551367109
517 48.496290959737806
518 59.22113905587451
519 51.42657480908669
520 41.04669525548326
521 40.258517524527875
522 41.76983639016151
523 75.07363487882448
524 44.21882928814094
525 37.08051650312957
526 59.944388110520975
527 50.01089495819533
528 52.57955775019571
529 37.17721696972843
530 38.57800733348772
531 47.36791825891904
532 52.290355260819325
533 51.129845699723425
534 46.968878117708634
535 34.658294046276886
536 51.03508950549079
537 47.467962677097454
538 43.51689449669975
539 59.30297553442272
540 53.984826901423254
541 64.97185672193957
542 59.08515887282331
543 66.08990564557577
544 41.000045962530365
545 46.45480285409232
546 37.10311083482615
547 40.45927366890235
548 57.80362298934275
549 84.37265764056141
550 33.06155879384609
551 46.896256378316004
552 58.228686536628395
553 58.683255558643936
554 43.51077976548232
555 116.98139315231609
556 47.62501451834113
557 56.77087521304736
558 47.18693371051032
559 55.976932132962794
560 59.24259997190038
561 49.69678225566398
562 45.84276796968746
563 56.655263774741734
564 42.79221607600877
565 42.54567398086765
566 47.366048873652844
567 56.326195413508934
568 43.49291506777598
569 55.86154218612605
570 69.82567524204767
571 41.619434593624796
572 80.13232082591763
573 42.91375245241194
574 36.73730238300467
575 57.9909604418677
576 54.01054663011451
577 56.621955197862825
578 51.35783699447887
579 45.46976471039643
580 60.35197922012237
581 45.01529978070167
582 88.96219616695743
583 41.0219868551541
584 40.06192974594812
585 50.705426090201975
586 41.40048008107898
587 51.15433190428809
588 40.49327089211303
589 38.48577417011879
590 48.205293148629636
591 36.26058109755314
592 49.60748980774824
593 55.411545140323284
594 62.338950412017994
595 76.21271698718475
596 40.404360426114316
597 45.6298587832926
598 50.298786995859125
599 40.816523575345734
600 62.081918252233315
601 44.86200501091715
602 77.70990848016623
603 37.95824917503962
604 71.84933181223863
605 55.43773323697517
606 42.83564948813495
607 46.46100262234721
608 48.21551784934283
609 60.42620623693759
610 37.36051224219415
611 76.85301101741537
612 81.06838999917196
613 40.972200475604225
614 46.28727629276275
615 41.25012121782069
616 37.00465249859938
617 37.0278216342159
618 45.203624504102436
619 75.05246395376824
620 65.27198423466385
621 61.706710820097946
622 53.19123698748638
623 35.92871576483803
624 69.79181626236416
625 163.75180810632986
626 44.92927196379577
627 44.95291647585527
628 39.09213988240866
629 42.810855639814626
630 43.29665424331577
631 45.80834845969583
632 113.067236585613
633 41.35076623601154
634 41.00769798471005
635 45.51794669604654
636 53.36670867321051
637 42.22141947361271
638 60.11533055182106
639 38.99113237949126
640 45.884807353129716
641 38.61385843273082
642 39.91479707736989
643 42.19949390171604
644 51.51668956254934
645 48.843603417648026
646 70.12205890321792
647 58.832218267194186
648 68.12601273979588
649 75.77115251595664
650 57.457899358776224
651 42.85200734044953
652 46.82709604551326
653 40.42664887831596
654 37.7936606998405
655 70.31927032399457
656 77.13558715759306
657 56.131900509587005
658 92.06177989682482
659 44.85870124147806
660 54.917426238959585
661 44.94890647226316
662 39.39507353472174
663 78.03879761116623
664 47.56052648177224
665 44.303577510395364
666 41.99072885093785
667 60.40827281065389
668 39.10514255165866
669 44.78148806931509
670 48.06327808738944
671 52.640221788481895
672 61.692285888993105
673 44.87905281416595
674 69.81837499242577
675 36.56020686568345
676 41.95104456887689
677 61.192240243769376
678 73.51944451691493
679 50.810138128340604
680 41.47315437462896
681 45.66615727271995
682 75.75343502902209
683 44.85568667857149
684 52.308273330603605
685 35.55024438452522
686 47.2614253476613
687 43.7743919097723
688 98.30189656023
689 67.54519055335562
690 82.60266329539104
691 47.2118441523667
692 36.18966006396725
693 53.243176702258225
694 83.6671614337664
695 49.882429728712886
696 52.49879661096236
697 32.03432434475114
698 41.51540203007543
699 54.96927744183872
700 41.42498850527891
701 52.62178771101197
702 95.37948019114611
703 58.95005412332848
704 74.20909513864714
705 63.904572239802754
706 40.679131807328815
707 41.22977327898271
708 68.70060969485179
709 96.03247196950656
710 58.46937125753253
711 48.37653630553103
712 56.92801332955968
713 80.44357663544393
714 58.724990128433966
715 40.532534691902434
716 50.02078287432234
717 42.55515768574472
718 51.44830756033056
719 40.819231309146794
720 42.61077936479689
721 59.77266592903795
722 59.165934485752054
723 32.43918812831096
724 49.026591013616425
725 44.604114311659025
726 43.21776159658303
727 54.56658434168475
728 45.17601120353996
729 37.21299992796577
730 36.10157533273494
731 44.728922884591555
732 49.39156266811783
733 48.81490736012447
734 42.01452897489478
735 49.260798074460475
736 54.98817715876282
737 55.14308511704745
738 43.64665760148572
739 35.7118064372955
740 44.979822722560414
741 40.31947694388229
742 41.27237190375672
743 46.979684481986716
744 44.31711097672967
745 41.47502631685164
746 49.05573295124167
747 56.201742202703734
748 38.80501581281198
749 41.74960345737087
750 68.35314774881472
751 68.84008165554457
752 52.208247941690665
753 100.62774289727956
754 51.04227428601062
755 38.87757611129518
756 46.45187382421635
757 52.20654328367087
758 49.15205737395503
759 58.77739710099872
760 40.921175421791716
761 48.91909113363872
762 45.44595742727847
763 80.28921505582902
764 39.002375104390886
765 43.41114535143741
766 52.16309915563828
767 40.118397177306846
768 43.40708634145281
769 38.17581581606417
770 40.59113436092544
771 54.81730884924789
772 63.49948176982678
773 41.93212361415303
774 51.22328065141035
775 44.29071571758961
776 52.44599947530736
777 80.66946369851514
778 60.16880137013323
779 51.55977179859541
780 39.15714855146587
781 42.978601528676336
782 67.992220349095
783 45.580575099746525
784 45.81605774390902
785 76.25185635208692
786 38.77815964151053
787 41.831133126704366
788 63.70651865251417
789 39.609241732199116
790 64.07391770628122
791 58.27370840850164
792 51.18121388881445
793 41.88403200300948
794 48.670420390632096
795 54.76510976340679
796 46.88615571659198
797 39.26888548892467
798 45.369829499267084
799 54.80921476615453
800 55.69984782169187
801 40.142078627659664
802 56.37126445878183
803 48.37005526002406
804 38.01887695689564
805 46.47494919378723
806 65.63969103247936
807 50.98959128066211
808 55.67061297046146
809 55.06940659104079
810 84.36994627335697
811 43.133954427683435
812 36.820936203736146
813 46.01609619496877
814 49.00167256540682
815 47.50869438630835
816 72.42820642915787
817 49.26023285539088
818 44.897899281110014
819 69.15501303084471
820 45.976475120463995
821 49.0745212814419
822 42.741555247118015
823 41.76529407421377
824 45.922547844606065
825 54.421174189675725
826 80.26925738804687
827 44.03925828997681
828 55.142932027448275
829 44.59381611623157
830 101.19201515216122
831 49.41358885591791
832 46.372745384470804
833 43.62263178643267
834 50.45691545002561
835 40.36705350826965
836 76.68107094031176
837 52.34673363196206
838 46.504587724337284
839 38.080530090035126
840 43.45706101404569
841 43.03030158524251
842 54.56325296284648
843 59.75889723286683
844 82.60063800970198
845 66.82332722832625
846 40.34117613802895
847 55.82789909366154
848 50.01225943195185
849 68.16062141251494
850 65.91841673754094
851 51.561043713651685
852 36.627493367423334
853 67.8544748232983
854 37.89722334098847
855 45.61622235887735
856 44.58313750073234
857 74.50264555430012
858 48.246976220083745
859 42.492943759785966
860 54.60562435313593
861 38.175410823946414
862 56.686534853786235
863 59.38095300603727
864 59.20791835053187
865 51.421360642563926
866 78.41327898438358
867 40.085266525269255
868 49.40556573366091
869 63.283014010907266
870 33.15729033480919
871 47.8572768165734
872 49.06953931272264
873 40.73653583295216
874 41.511658791330035
875 63.44142871205639
876 39.966292509562685
877 61.17640661943389
878 49.69050333690479
879 41.58220516800873
880 64.33283873559292
881 44.28812220879655
882 53.76484387605205
883 51.56045513751888
884 40.89516614458004
885 59.90624975736728
886 55.08524592585055
887 46.414569351194075
888 62.51505840860825
889 44.471199285818244
890 50.79843118784428
891 48.301435772521245
892 42.68042517202193
893 43.03771415482603
894 51.17782855072506
895 69.14886270236043
896 50.91036388108632
897 45.677674724602696
898 48.80797068785224
899 130.90116843990813
900 42.14767104387285
901 77.63824671333863
902 48.00015710121535
903 45.29888313150916
904 46.979998596731875
905 42.118209720261476
906 54.90772781337317
907 47.797817539005315
908 46.848028062714086
909 48.860383896359835
910 41.55000832652535
911 40.32956997487866
912 45.45708966232439
913 74.2332207632473
914 64.63568700777282
915 50.534993147445896
916 59.892218590040095
917 44.11977691612186
918 68.52163777703518
919 63.06158915887291
920 55.0124959641696
921 77.015453181356
922 47.81792980586967
923 31.63160935768451
924 49.93442659551486
925 53.89961799348524
926 42.337577513158244
927 43.29844643113455
928 38.17022310901849
929 35.21916354088265
930 44.542393558394636
931 41.04338761358386
932 62.8405998500931
933 68.55128079434142
934 38.966825440650645
935 48.047500243651676
936 69.22842258930677
937 45.21743617696886
938 53.57569463258662
939 43.84587385026929
940 41.68479650750385
941 98.24255658791076
942 42.969797291868865
943 54.205868166901
944 43.84103177837367
945 47.19901812473901
946 38.03979606989665
947 58.35727465515911
948 64.93150963505299
949 51.38938136667708
950 57.288504400592686
951 51.526559869647684
952 54.50559007396259
953 46.595631243612374
954 42.47399381138381
955 37.012205464555315
956 45.83285485987896
957 55.47307446417902
958 57.70572959096278
959 44.263791661895915
960 51.9292875180593
961 44.9794551599367
962 49.03607618398269
963 48.926539925124615
964 50.96256070815345
965 47.70923152142944
966 51.771848489506226
967 45.95937417129729
968 42.44866085537328
969 60.71089079212285
970 44.72506163436896
971 43.241805118696774
972 44.997202969336335
973 44.47988911630342
974 40.90404919310727
975 53.11787924291655
976 48.1958357167587
977 68.28626943468878
978 42.60332865417857
979 78.88148126626388
980 62.38248165197344
981 49.04714073072886
982 61.07236305419592
983 49.663636566845014
984 51.41234033442035
985 50.62265180231139
986 55.37597542697433
987 56.15628077365206
988 72.07147587539608
989 37.56542695003606
990 48.694778670108214
991 48.01197589179595
992 68.62787331155182
993 56.544031297051674
994 58.067677052798054
995 38.91629742711991
996 44.52626616545875
997 48.121250389215646
998 52.204788606597226
999 48.762894052529774
1000 61.83729604017523
